TIME [s]   DISTANCE [m]   
0          32059595.9406586    
5          31997222.1258229    
10         31936881.3478335    
15         31878525.8027985    
20         31822090.3396263    
25         31767502.7082391    
30         31714673.5025513    
35         31663507.4460517    
40         31613899.6025961    
45         31565732.5702747    
50         31518874.9186075    
55         31473200.9476214    
60         31428566.3947442    
65         31384819.5797699    
70         31341809.2693014    
75         31299372.9114532    
80         31257340.3848532    
85         31215547.9365265    
90         31173822.7502853    
95         31131982.6370622    
100        31089852.7583142    
105        31047251.0307233    
110        31004004.718786     
115        30959934.4866576    
120        30914857.6189146    
125        30868601.6823742    
130        30820991.1196885    
135        30771862.3990998    
140        30721049.8645718    
145        30668388.1693982    
150        30613726.9271881    
155        30556918.118865     
160        30497818.6553277    
165        30436295.5928598    
170        30372222.7443471    
175        30305482.4681288    
180        30235967.9960003    
185        30163573.4140704    
190        30088218.1525318    
195        30009820.9506538    
200        29928314.7356909    
205        29843639.0519248    
210        29755753.8575442    
215        29664626.3502052    
220        29570234.8774968    
225        29472572.2839902    
230        29371642.178905     
235        29267460.7347643    
240        29160065.5889598    
245        29049498.3567545    
250        28935818.2925917    
255        28819095.9269573    
260        28699419.6138561    
265        28576886.8351288    
270        28451615.0331517    
275        28323727.2669686    
280        28193372.464005     
285        28060696.8587867    
290        27925877.5030741    
295        27789097.6209998    
300        27650547.6845221    
305        27510437.663769     
310        27368994.9534688    
315        27226452.8558385    
320        27083054.9013089    
325        26939062.9229443    
330        26794746.6102649    
335        26650382.7897666    
340        26506265.3001704    
345        26362691.2146561    
350        26219969.0885118    
355        26078414.0611239    
360        25938349.7875264    
365        25800097.0076881    
370        25663993.7662931    
375        25530373.8005415    
380        25399572.4946851    
385        25271927.5020538    
390        25147773.4809016    
395        25027446.213801     
400        24911280.0119564    
405        24799591.6089157    
410        24692702.3187505    
415        24590921.1093959    
420        24494545.2742689    
425        24403858.3728838    
430        24319136.6245166    
435        24240625.9015573    
440        24168574.5507508    
445        24103194.5281742    
450        24044681.677604     
455        23993217.562601     
460        23948952.0073014    
465        23912013.6059655    
470        23882503.7466266    
475        23860493.8404165    
480        23846037.4975718    
485        23839151.3533662    
490        23839829.911162     
495        23848037.639968     
500        23863711.4170913    
505        23886755.3683362    
510        23917055.6319827    
515        23954465.8628787    
520        23998818.1597661    
525        24049909.7638232    
530        24107527.1864413    
535        24171429.5254728    
540        24241354.6982811    
545        24317024.7568426    
550        24398135.1751465    
555        24484376.3993753    
560        24575418.9012785    
565        24670924.1151984    
570        24770537.1652759    
575        24873901.1397006    
580        24980644.5776713    
585        25090396.8465877    
590        25202776.2328798    
595        25317409.0280094    
600        25433904.2153672    
605        25551889.2153109    
610        25670981.7249482    
615        25790807.7360854    
620        25910988.9925535    
625        26031162.230197     
630        26150968.8158905    
635        26270051.311786     
640        26388067.6792549    
645        26504680.2499023    
650        26619562.977835     
655        26732401.8356973    
660        26842886.3636522    
665        26950728.0446706    
670        27055648.3556116    
675        27157370.1781749    
680        27255647.2984907    
685        27350231.207476     
690        27440897.0204073    
695        27527433.6200987    
700        27609636.266164     
705        27687327.1409922    
710        27760329.2091008    
715        27828487.7997975    
720        27891670.5442683    
725        27949745.2753757    
730        28002608.7184006    
735        28050167.6810927    
740        28092339.8400499    
745        28129068.5136758    
750        28160300.5126081    
755        28186014.0493579    
760        28206190.0202355    
765        28220833.7129377    
770        28229955.4529497    
775        28233594.8321666    
780        28231795.2275652    
785        28224624.7445532    
790        28212162.5158218    
795        28194503.6117858    
800        28171759.2328024    
805        28144054.483708     
810        28111530.7606017    
815        28074345.6254568    
820        28032666.6712675    
825        27986680.0033774    
830        27936586.7431768    
835        27882597.9198785    
840        27824944.5124757    
845        27763856.8310692    
850        27699596.5689308    
855        27632426.5695658    
860        27562621.5163174    
865        27490470.5704616    
870        27416274.8752396    
875        27340339.4913362    
880        27262981.848821     
885        27184532.9078618    
890        27105325.4833101    
895        27025700.1190158    
900        26946007.8516118    
905        26866591.6212844    
910        26787816.5458265    
915        26710039.1963444    
920        26633620.3817527    
925        26558916.0614846    
930        26486289.719119     
935        26416097.1344358    
940        26348692.7814048    
945        26284423.4803386    
950        26223630.6937291    
955        26166648.4440967    
960        26113791.7863221    
965        26065380.8974072    
970        26021711.0786314    
975        25983068.8308695    
980        25949714.5422604    
985        25921907.4516345    
990        25899876.2370407    
995        25883833.0678046    
1000       25873968.0413633    
1005       25870453.0564105    
1010       25873433.3694564    
1015       25883033.8745427    
1020       25899345.7385771    
1025       25922451.519203     
1030       25952390.6154959    
1035       25989191.7366148    
1040       26032847.3603749    
1045       26083330.3507034    
1050       26140594.2005022    
1055       26204551.3310699    
1060       26275109.6611293    
1065       26352140.0935212    
1070       26435501.3097828    
1075       26525018.5311514    
1080       26620511.9312058    
1085       26721773.0791825    
1090       26828582.6301453    
1095       26940693.348237     
1100       27057859.5140262    
1105       27179810.9564188    
1110       27306271.0711574    
1115       27436951.0800711    
1120       27571553.7177527    
1125       27709775.0288217    
1130       27851306.2417545    
1135       27995827.4661625    
1140       28143027.6019803    
1145       28292582.7070737    
1150       28444176.5235807    
1155       28597488.7751166    
1160       28752202.5700965    
1165       28908003.4402369    
1170       29064580.3308964    
1175       29221630.6862064    
1180       29378851.980681     
1185       29535952.7201819    
1190       29692647.7162959    
1195       29848660.535188     
1200       30003719.4933759    
1205       30157568.7197548    
1210       30309958.1296601    
1215       30460643.8673782    
1220       30609403.4533496    
1225       30756017.6627025    
1230       30900281.7205317    
1235       31041997.8314424    
1240       31180987.4752875    
1245       31317079.5446411    
1250       31450116.6076934    
1255       31579953.6422188    
1260       31706459.4818972    
1265       31829510.7966323    
1270       31949006.919036     
1275       32064844.1722232    
1280       32176948.7688597    
1285       32285249.1468566    
1290       32389691.5289194    
1295       32490227.7499375    
1300       32586827.9273507    
1305       32679476.2790002    
1310       32768160.5081621    
1315       32852892.2476956    
1320       32933680.6871721    
1325       33010554.4591594    
1330       33083557.4291526    
1335       33152738.397656     
1340       33218156.0939873    
1345       33279879.2165664    
1350       33337993.8573987    
1355       33392586.2539291    
1360       33443755.574168     
1365       33491610.3960032    
1370       33536269.3376218    
1375       33577851.5422187    
1380       33616495.2185544    
1385       33652328.8443325    
1390       33685502.8943759    
1395       33716167.3229363    
1400       33744476.6919167    
1405       33770588.5723221    
1410       33794669.7005816    
1415       33816882.8096069    
1420       33837400.3779501    
1425       33856394.4390544    
1430       33874038.1992388    
1435       33890498.8813737    
1440       33905957.6122321    
