TIME [s]   DISTANCE [m]   
0          34712717.963832     
5          34703832.3070393    
10         34694967.7028131    
15         34686278.1170489    
20         34677910.4729497    
25         34670001.9712728    
30         34662685.5839988    
35         34656089.0245977    
40         34650328.2926775    
45         34645507.9312434    
50         34641732.0717147    
55         34639079.4264452    
60         34637638.3582385    
65         34637470.7035362    
70         34638634.9508277    
75         34641177.7336936    
80         34645133.1221336    
85         34650523.5379629    
90         34657361.5114414    
95         34665649.4631752    
100        34675366.8450904    
105        34686499.1091295    
110        34699010.6487606    
115        34712849.5156364    
120        34727964.4744002    
125        34744287.6803718    
130        34761735.3236332    
135        34780221.7192855    
140        34799648.162004     
145        34819906.5042744    
150        34840881.8375727    
155        34862443.5121065    
160        34884463.9608538    
165        34906797.3760416    
170        34929300.0825868    
175        34951817.3899004    
180        34974189.7425335    
185        34996253.1456237    
190        35017839.6063693    
195        35038777.7351834    
200        35058893.306522     
205        35078005.8364109    
210        35095941.6353049    
215        35112520.9668406    
220        35127559.555727     
225        35140880.309194     
230        35152308.8099834    
235        35161669.0876411    
240        35168779.4691831    
245        35173477.5154181    
250        35175596.7621371    
255        35174966.4139645    
260        35171434.0569761    
265        35164846.9529875    
270        35155059.8654855    
275        35141925.0193423    
280        35125317.4224311    
285        35105107.0701405    
290        35081175.9020704    
295        35053410.7555747    
300        35021715.5127579    
305        34985996.3110189    
310        34946170.5592147    
315        34902159.8958663    
320        34853907.1221455    
325        34801357.6576068    
330        34744469.0557144    
335        34683210.3347825    
340        34617559.7589192    
345        34547513.1170459    
350        34473064.8899911    
355        34394237.8546316    
360        34311052.8409533    
365        34223550.3414753    
370        34131780.915874     
375        34035806.4116669    
380        33935701.4058024    
385        33831552.8722418    
390        33723454.9454541    
395        33611525.238739     
400        33495883.8947854    
405        33376666.7933492    
410        33254020.5143685    
415        33128103.5401309    
420        32999088.6729351    
425        32867149.7778916    
430        32732487.4563336    
435        32595304.2893107    
440        32455809.2218807    
445        32314230.8871966    
450        32170802.8858017    
455        32025765.6854038    
460        31879374.0407147    
465        31731886.2833069    
470        31583570.6350369    
475        31434702.5013597    
480        31285562.8637258    
485        31136439.7069001    
490        30987621.5641697    
495        30839407.7479753    
500        30692095.186426     
505        30545986.312471     
510        30401382.1566737    
515        30258585.750274     
520        30117899.0054256    
525        29979621.1734659    
530        29844048.0906732    
535        29711473.4077622    
540        29582181.1846309    
545        29456451.6442563    
550        29334556.6377618    
555        29216757.6495643    
560        29103305.4758051    
565        28994440.1811639    
570        28890387.2877321    
575        28791358.7903921    
580        28697545.2058879    
585        28609133.0847548    
590        28526281.8023207    
595        28449131.5393483    
600        28377804.9562869    
605        28312410.2314065    
610        28253020.6869158    
615        28199696.3397121    
620        28152478.9398332    
625        28111381.4467347    
630        28076396.6935421    
635        28047489.4252888    
640        28024607.7788322    
645        28007676.6556133    
650        27996598.4833004    
655        27991245.3847575    
660        27991482.9385401    
665        27997146.4943504    
670        28008054.4762338    
675        28024003.3139135    
680        28044777.5978177    
685        28070142.0874251    
690        28099842.4945614    
695        28133616.6726467    
700        28171185.884576     
705        28212260.1465219    
710        28256539.1951761    
715        28303711.9520948    
720        28353464.1710109    
725        28405468.4950685    
730        28459398.8900851    
735        28514923.1974656    
740        28571703.0097898    
745        28629405.9832357    
750        28687694.3540075    
755        28746227.9465642    
760        28804680.7918027    
765        28862718.4675872    
770        28920018.013915     
775        28976254.2630095    
780        29031115.4946984    
785        29084293.5232954    
790        29135489.2576766    
795        29184412.9871422    
800        29230773.7407066    
805        29274307.6129639    
810        29314748.6967802    
815        29351846.4773444    
820        29385360.1860983    
825        29415061.9218793    
830        29440735.7757199    
835        29462179.1652108    
840        29479199.9890678    
845        29491623.1155738    
850        29499285.2725459    
855        29502035.3863297    
860        29499740.1410301    
865        29492279.5153923    
870        29479543.49057      
875        29461442.907863     
880        29437895.5943054    
885        29408847.553086     
890        29374247.1254787    
895        29334062.3154616    
900        29288277.3109143    
905        29236884.7852845    
910        29179907.1898366    
915        29117365.0010291    
920        29049308.7596534    
925        28975789.1258431    
930        28896887.2460741    
935        28812687.5775956    
940        28723299.2052698    
945        28628834.9430059    
950        28529429.1909986    
955        28425234.7811315    
960        28316411.1704064    
965        28203137.4809273    
970        28085604.9730749    
975        27964013.5052516    
980        27838589.4223844    
985        27709563.4732009    
990        27577178.7996378    
995        27441694.1055166    
1000       27303382.1178973    
1005       27162523.9803897    
1010       27019414.9869597    
1015       26874358.1921772    
1020       26727673.2130674    
1025       26579678.1397423    
1030       26430715.3797377    
1035       26281121.5446739    
1040       26131251.7996124    
1045       25981462.6287677    
1050       25832112.7601443    
1055       25683574.035448     
1060       25536216.3892617    
1065       25390415.5583902    
1070       25246544.4939505    
1075       25104980.4603404    
1080       24966099.7741192    
1085       24830267.7728593    
1090       24697853.4127789    
1095       24569219.5228017    
1100       24444721.1997952    
1105       24324698.1950724    
1110       24209490.4111802    
1115       24099415.689357     
1120       23994781.8400517    
1125       23895885.9213929    
1130       23802992.3040215    
1135       23716365.5791899    
1140       23636238.5711027    
1145       23562826.1047836    
1150       23496310.9055229    
1155       23436866.6696625    
1160       23384634.0852878    
1165       23339722.8513546    
1170       23302220.2182796    
1175       23272192.1153663    
1180       23249663.5393       
1185       23234643.1573552    
1190       23227107.0035288    
1195       23227003.1637304    
1200       23234253.4165597    
1205       23248751.4311184    
1210       23270370.3634633    
1215       23298954.3353228    
1220       23334325.5534763    
1225       23376284.4198454    
1230       23424611.037418     
1235       23479066.9390525    
1240       23539394.8180128    
1245       23605323.4615344    
1250       23676569.1908502    
1255       23752830.52749      
1260       23833799.3898808    
1265       23919166.0791937    
1270       24008606.7982148    
1275       24101786.2934792    
1280       24198382.8972419    
1285       24298061.83608      
1290       24400492.9684638    
1295       24505340.0677273    
1300       24612277.2967392    
1305       24720985.950359     
1310       24831142.1550821    
1315       24942438.8712408    
1320       25054570.109788     
1325       25167240.980377     
1330       25280166.8190168    
1335       25393072.8903163    
1340       25505692.3393437    
1345       25617777.7026673    
1350       25729083.4937856    
1355       25839382.8205652    
1360       25948468.3137763    
1365       26056132.5381358    
1370       26162191.0187848    
1375       26266474.4000622    
1380       26368823.4364533    
1385       26469097.5259071    
1390       26567165.3584981    
1395       26662914.350347     
1400       26756249.1847207    
1405       26847084.2575248    
1410       26935351.3590211    
1415       27020998.517681     
1420       27103985.1154013    
1425       27184288.9147368    
1430       27261896.3261106    
1435       27336815.1435043    
1440       27409064.6269155    
