TIME [s]   DISTANCE [m]   
0          22544781.843447     
5          22715998.4758968    
10         22896422.3162785    
15         23084936.7560961    
20         23280464.9562272    
25         23481945.8420796    
30         23688348.5108381    
35         23898696.1100354    
40         24112037.8293825    
45         24327475.9009068    
50         24544156.733962     
55         24761272.6774117    
60         24978065.6181035    
65         25193817.0134873    
70         25407868.1674801    
75         25619591.3537987    
80         25828410.9432047    
85         26033792.4267553    
90         26235242.3880522    
95         26432303.1875621    
100        26624560.9321717    
105        26811631.634941     
110        26993165.1528611    
115        27168846.1811624    
120        27338388.4808534    
125        27501528.1952133    
130        27658037.8122505    
135        27807710.3537987    
140        27950358.6994251    
145        28085826.7834795    
150        28213966.6318182    
155        28334660.9299866    
160        28447807.3648803    
165        28553322.0937888    
170        28651128.4858749    
175        28741173.7028018    
180        28823420.8097984    
185        28897839.6187427    
190        28964417.535695     
195        29023150.4305672    
200        29074043.2582116    
205        29117119.5115924    
210        29152405.4712331    
215        29179940.773351     
220        29199768.6165667    
225        29211947.8461724    
230        29216540.6127984    
235        29213618.0958893    
240        29203260.1723083    
245        29185547.2952074    
250        29160576.9022517    
255        29128446.6969339    
260        29089259.6730603    
265        29043130.8127239    
270        28990170.3411452    
275        28930507.8192021    
280        28864268.9538271    
285        28791589.0038927    
290        28712606.1852071    
295        28627466.6563262    
300        28536318.8524625    
305        28439320.2591762    
310        28336632.2346275    
315        28228419.4312278    
320        28114854.8187973    
325        27996117.0718291    
330        27872385.7545824    
335        27743846.1557337    
340        27610698.7080141    
345        27473141.4705359    
350        27331375.5148041    
355        27185614.7127168    
360        27036073.783551     
365        26882979.003231     
370        26726558.6215875    
375        26567048.5160546    
380        26404692.4026861    
385        26239735.9409632    
390        26072438.9918278    
395        25903062.8587571    
400        25731878.630086     
405        25559165.0647372    
410        25385206.9267805    
415        25210297.8206315    
420        25034739.5869786    
425        24858837.6216547    
430        24682912.6698582    
435        24507287.6399021    
440        24332295.7802919    
445        24158279.4008847    
450        23985582.1947389    
455        23814565.2570098    
460        23645591.0328679    
465        23479028.6326825    
470        23315256.4253741    
475        23154658.6467972    
480        22997623.1072402    
485        22844546.2479033    
490        22695820.6362308    
495        22551854.6108379    
500        22413042.2675223    
505        22279795.2968706    
510        22152508.6752252    
515        22031587.2421832    
520        21917425.0430651    
525        21810412.4650731    
530        21710930.7459933    
535        21619349.3952389    
540        21536029.2609706    
545        21461313.6317598    
550        21395530.4265768    
555        21338981.92428      
560        21291957.8201447    
565        21254717.0184852    
570        21227490.1226575    
575        21210487.4769246    
580        21203871.9013302    
585        21207792.8109957    
590        21222354.5177497    
595        21247619.9166223    
600        21283628.5225272    
605        21330372.3215866    
610        21387810.6401639    
615        21455866.3770223    
620        21534415.6066417    
625        21623307.7514558    
630        21722359.8651118    
635        21831348.4709922    
640        21950021.4760778    
645        22078102.8545473    
650        22215283.7635412    
655        22361239.2810337    
660        22515620.459644     
665        22678068.2201297    
670        22848197.8528358    
675        23025627.1841326    
680        23209966.4697358    
685        23400816.6932412    
690        23597777.7731633    
695        23800463.5460797    
700        24008479.2905085    
705        24221446.6161265    
710        24438993.4059231    
715        24660758.2875097    
720        24886389.0218792    
725        25115556.7884242    
730        25347932.2184829    
735        25583218.0018172    
740        25821114.3131095    
745        26061348.7739153    
750        26303657.6830784    
755        26547794.7398826    
760        26793518.6439367    
765        27040608.7094448    
770        27288853.7264241    
775        27538054.2500882    
780        27788021.259852     
785        28038562.9641881    
790        28289517.1971413    
795        28540704.3943966    
800        28791971.4162072    
805        29043158.6141059    
810        29294113.9678528    
815        29544688.4854621    
820        29794737.0620548    
825        30044113.9652085    
830        30292680.4373897    
835        30540290.4051852    
840        30786809.0923965    
845        31032099.4838856    
850        31276015.7433303    
855        31518421.3786971    
860        31759180.4834451    
865        31998152.8258669    
870        32235201.4980134    
875        32470178.3965439    
880        32702951.9262853    
885        32933378.012629     
890        33161313.3837557    
895        33386623.5319254    
900        33609158.9062804    
905        33828783.3488989    
910        34045349.2033573    
915        34258721.5048703    
920        34468753.9585647    
925        34675304.7189389    
930        34878234.5699639    
935        35077399.755039     
940        35272664.2359552    
945        35463878.7838022    
950        35650913.651285     
955        35833622.3556298    
960        36011875.035242     
965        36185526.824558     
970        36354449.248879     
975        36518503.6384671    
980        36677561.1430042    
985        36831483.7139365    
990        36980146.8497616    
995        37123421.8394973    
1000       37261179.1386321    
1005       37393294.1977582    
1010       37519644.6293457    
1015       37640111.5562995    
1020       37754574.3597743    
1025       37862917.6882192    
1030       37965022.0743759    
1035       38060781.3465132    
1040       38150083.9479406    
1045       38232822.5861604    
1050       38308893.8777352    
1055       38378192.8927875    
1060       38440624.3620749    
1065       38496090.2921361    
1070       38544498.4539717    
1075       38585759.397749     
1080       38619785.9712687    
1085       38646498.5958363    
1090       38665810.8057458    
1095       38677652.1368886    
1100       38681946.0043717    
1105       38678629.1775967    
1110       38667633.3724573    
1115       38648902.1869136    
1120       38622380.4564339    
1125       38588010.3128328    
1130       38545753.0265597    
1135       38495565.6264915    
1140       38437410.1402997    
1145       38371257.4599873    
1150       38297083.2075274    
1155       38214865.6109495    
1160       38124595.7691705    
1165       38026260.8959094    
1170       37919867.9409988    
1175       37805419.5532576    
1180       37682935.3275236    
1185       37552432.9157806    
1190       37413942.1650755    
1195       37267509.8131504    
1200       37113174.4043875    
1205       36951000.4818919    
1210       36781056.859518     
1215       36603414.9073456    
1220       36418169.3101271    
1225       36225418.9383405    
1230       36025279.0427444    
1235       35817875.4512324    
1240       35603344.1123487    
1245       35381841.2025071    
1250       35153539.6644781    
1255       34918617.1681567    
1260       34677279.8856482    
1265       34429748.4755635    
1270       34176253.5986232    
1275       33917057.6404075    
1280       33652439.0942198    
1285       33382686.3507156    
1290       33108128.4209251    
1295       32829105.9242913    
1300       32545984.885103     
1305       32259153.7269715    
1310       31969034.0831649    
1315       31676068.6568473    
1320       31380727.50993      
1325       31083510.0787976    
1330       30784941.8617128    
1335       30485574.633737     
1340       30185996.5862277    
1345       29886817.3061052    
1350       29588680.3257024    
1355       29292242.8264726    
1360       28998206.8770394    
1365       28707287.3245691    
1370       28420225.1335459    
1375       28137773.1248749    
1380       27860715.7111934    
1385       27589838.5137731    
1390       27325937.7851757    
1395       27069817.8441932    
1400       26822281.5379065    
1405       26584117.3002826    
1410       26356106.0938456    
1415       26139003.4707597    
1420       25933537.4532008    
1425       25740396.8650104    
1430       25560229.1272693    
1435       25393628.0681878    
1440       25241118.9067377    
