TIME [s]   DISTANCE [m]   
0          35714816.1126462    
5          35702159.3634254    
10         35684230.4624603    
15         35661069.0783717    
20         35632737.4132613    
25         35599310.2633502    
30         35560875.2023185    
35         35517521.2733874    
40         35469365.0745838    
45         35416530.2984236    
50         35359150.2762003    
55         35297370.9332456    
60         35231351.0646959    
65         35161264.1888784    
70         35087291.1575651    
75         35009627.222999     
80         34928468.1432845    
85         34844037.965938     
90         34756557.8400043    
95         34666259.4103988    
100        34573386.5458627    
105        34478194.0841138    
110        34380938.1797582    
115        34281888.4690232    
120        34181318.7162366    
125        34079507.3379438    
130        33976741.3188549    
135        33873309.4535681    
140        33769502.9141646    
145        33665627.0022939    
150        33561972.7014922    
155        33458847.2911799    
160        33356541.4621083    
165        33255363.0411564    
170        33155608.0161483    
175        33057567.3645618    
180        32961535.1169237    
185        32867795.8191357    
190        32776630.9025499    
195        32688303.7490658    
200        32603085.4484448    
205        32521229.1710517    
210        32442971.7889738    
215        32368546.9434155    
220        32298173.1358543    
225        32232053.5340844    
230        32170378.1179564    
235        32113311.1762087    
240        32061018.184852     
245        32013630.305499     
250        31971271.5760224    
255        31934037.0556876    
260        31902013.9598347    
265        31875255.4293004    
270        31853805.95428      
275        31837685.82123      
280        31826890.2808558    
285        31821401.1530796    
290        31821170.7912289    
295        31826139.8615019    
300        31836223.4432209    
305        31851319.9037397    
310        31871301.2501659    
315        31896029.8895549    
320        31925342.6233388    
325        31959069.9138749    
330        31997009.0923036    
335        32038959.1877107    
340        32084693.531682     
345        32133978.9794914    
350        32186559.6967215    
355        32242183.0928853    
360        32300573.7288655    
365        32361455.2279349    
370        32424539.3028693    
375        32489535.5200659    
380        32556136.5371496    
385        32624046.3711861    
390        32692955.6018744    
395        32762555.8670666    
400        32832537.1472014    
405        32902588.9641172    
410        32972403.6623948    
415        33041671.7424622    
420        33110090.3049524    
425        33177359.6803298    
430        33243183.7981607    
435        33307272.1883892    
440        33369341.4904736    
445        33429113.556866     
450        33486319.6208093    
455        33540698.8406737    
460        33591997.7461195    
465        33639971.2783188    
470        33684391.1702277    
475        33725027.0662314    
480        33761673.2488209    
485        33794126.2571129    
490        33822196.7226494    
495        33845706.1780729    
500        33864489.8028727    
505        33878392.7160925    
510        33887277.4498874    
515        33891010.732582     
520        33889484.8600874    
525        33882588.8313004    
530        33870242.4683173    
535        33852366.9702675    
540        33828900.8590229    
545        33799796.6258428    
550        33765021.1752884    
555        33724546.7745248    
560        33678373.1216787    
565        33626502.9766027    
570        33568959.2113254    
575        33505768.5000685    
580        33436979.6292467    
585        33362653.5409589    
590        33282861.8820375    
595        33197689.2508263    
600        33107237.9941394    
605        33011609.7034986    
610        32910935.5072035    
615        32805348.4537968    
620        32694994.8142706    
625        32580034.808211     
630        32460637.7247394    
635        32336986.7876015    
640        32209270.7375541    
645        32077692.229563     
650        31942467.8001594    
655        31803811.4629772    
660        31661961.012606     
665        31517154.3119064    
670        31369632.3227807    
675        31219656.3144475    
680        31067486.415798     
685        30913390.0902345    
690        30757640.7820196    
695        30600518.7935161    
700        30442300.5869908    
705        30283278.4907862    
710        30123740.0780962    
715        29963973.6306281    
720        29804270.9475462    
725        29644927.4906482    
730        29486226.8100391    
735        29328463.3164171    
740        29171921.8876919    
745        29016883.7394337    
750        28863629.4091707    
755        28712422.8291429    
760        28563535.2287456    
765        28417223.5570347    
770        28273728.3961608    
775        28133293.5497521    
780        27996143.2252804    
785        27862491.4698734    
790        27732542.0992588    
795        27606473.0669525    
800        27484466.4324017    
805        27366675.7543172    
810        27253234.6942648    
815        27144273.4363701    
820        27039894.0784227    
825        26940185.5828748    
830        26845208.011939     
835        26755016.7560323    
840        26669639.7758224    
845        26589087.9241721    
850        26513348.8183209    
855        26442395.4431437    
860        26376178.6607292    
865        26314636.3046369    
870        26257678.9911951    
875        26205203.1277527    
880        26157094.833424     
885        26113218.2013336    
890        26073414.5406683    
895        26037524.6537025    
900        26005369.2699434    
905        25976755.5608691    
910        25951481.1811424    
915        25929335.7382028    
920        25910089.303855     
925        25893521.3789011    
930        25879390.3350534    
935        25867458.1458153    
940        25857477.7720264    
945        25849202.7319885    
950        25842381.8828434    
955        25836769.9892644    
960        25832109.392244     
965        25828162.4930937    
970        25824683.1187232    
975        25821433.8178893    
980        25818174.2046093    
985        25814684.6636121    
990        25810742.3978338    
995        25806135.7389723    
1000       25800661.4332428    
1005       25794126.8214143    
1010       25786350.0274654    
1015       25777160.2282875    
1020       25766394.3611479    
1025       25753912.6734994    
1030       25739572.0965025    
1035       25723261.0033606    
1040       25704871.9765596    
1045       25684308.0375844    
1050       25661497.8960213    
1055       25636379.1407721    
1060       25608902.9511587    
1065       25579043.4985735    
1070       25546777.1106975    
1075       25512116.9526739    
1080       25475068.7375131    
1085       25435673.7167595    
1090       25393980.2885331    
1095       25350054.5035476    
1100       25303978.2044304    
1105       25255847.3624814    
1110       25205777.4496096    
1115       25153896.1109083    
1120       25100353.1268625    
1125       25045306.0275164    
1130       24988930.7268807    
1135       24931415.5707211    
1140       24872964.7127091    
1145       24813795.3185158    
1150       24754134.2337253    
1155       24694220.5711015    
1160       24634313.3361422    
1165       24574672.1780892    
1170       24515567.5219598    
1175       24457284.3158133    
1180       24400110.2501244    
1185       24344339.1551176    
1190       24290272.9785632    
1195       24238215.6917842    
1200       24188474.5951304    
1205       24141357.7956823    
1210       24097175.1630759    
1215       24056228.4133291    
1220       24018825.9074511    
1225       23985263.4486082    
1230       23955833.649982     
1235       23930819.1153359    
1240       23910494.1793335    
1245       23895120.3538477    
1250       23884946.9959286    
1255       23880208.7237043    
1260       23881123.4273479    
1265       23887889.4896043    
1270       23900690.7561554    
1275       23919686.2856346    
1280       23945016.7923303    
1285       23976797.7980925    
1290       24015125.8470253    
1295       24060065.0240784    
1300       24111661.1844331    
1305       24169937.5122648    
1310       24234887.1569212    
1315       24306478.3687735    
1320       24384656.4527814    
1325       24469339.0206704    
1330       24560422.3131002    
1335       24657777.9490414    
1340       24761254.8208927    
1345       24870673.4708729    
1350       24985847.03572      
1355       25106554.5597732    
1360       25232566.2490671    
1365       25363627.2975747    
1370       25499474.9740783    
1375       25639825.3697757    
1380       25784384.0185633    
1385       25932843.7083757    
1390       26084886.9533862    
1395       26240188.3898079    
1400       26398415.2733528    
1405       26559221.5252642    
1410       26722270.1676455    
1415       26887210.8167388    
1420       27053692.0383991    
1425       27221365.5228837    
1430       27389873.5771111    
1435       27558875.3524716    
1440       27728021.437252     
