TIME [s]   DISTANCE [m]   
0          24176202.2710058    
5          24000467.4759368    
10         23828520.8933016    
15         23660756.9445407    
20         23497553.1230313    
25         23339269.0959158    
30         23186259.2913106    
35         23038851.0816451    
40         22897342.0662229    
45         22762021.3456374    
50         22633148.3519525    
55         22510948.031449     
60         22395631.8100912    
65         22287363.8804101    
70         22186292.1664491    
75         22092529.7817545    
80         22006151.4976113    
85         21927207.9869954    
90         21855713.9671863    
95         21791644.7139331    
100        21734949.4419745    
105        21685550.2856352    
110        21643331.9618998    
115        21608146.4398472    
120        21579825.3698814    
125        21558168.385484     
130        21542951.6429996    
135        21533927.2042175    
140        21530828.4431207    
145        21533361.5053067    
150        21541232.016495     
155        21554111.8719941    
160        21571678.2817022    
165        21593586.7399852    
170        21619496.0358857    
175        21649045.738137     
180        21681888.9254437    
185        21717667.8464518    
190        21756031.773509     
195        21796627.4211401    
200        21839111.8984906    
205        21883154.8528124    
210        21928422.7653274    
215        21974603.2649616    
220        22021390.3704395    
225        22068497.2543769    
230        22115649.5972847    
235        22162581.604365     
240        22209057.0007393    
245        22254850.2137011    
250        22299756.9866583    
255        22343589.0286105    
260        22386176.0225379    
265        22427379.8589648    
270        22467072.9253447    
275        22505152.4372215    
280        22541533.8267074    
285        22576158.7644657    
290        22608989.8613217    
295        22640012.7632781    
300        22669224.4027615    
305        22696661.2174116    
310        22722372.0833487    
315        22746421.699556     
320        22768901.4334214    
325        22789927.3672518    
330        22809630.9239762    
335        22828162.2983915    
340        22845692.6213782    
345        22862410.017742     
350        22878517.5390689    
355        22894240.280489     
360        22909813.4434586    
365        22925488.3048889    
370        22941529.0852449    
375        22958211.0125466    
380        22975812.6599508    
385        22994635.2707938    
390        23014976.6015148    
395        23037137.8593131    
400        23061430.1508135    
405        23088162.1937168    
410        23117640.506469     
415        23150171.5392761    
420        23186053.5563739    
425        23225578.2097486    
430        23269033.5494722    
435        23316693.5333597    
440        23368808.5031447    
445        23425628.6339459    
450        23487380.5852671    
455        23554271.7884427    
460        23626484.2522234    
465        23704181.0478886    
470        23787506.2691339    
475        23876574.0647464    
480        23971467.0316378    
485        24072252.0126233    
490        24178955.2813995    
495        24291587.6562858    
500        24410116.7566796    
505        24534493.4513744    
510        24664635.1208535    
515        24800434.2771142    
520        24941744.561475     
525        25088411.5356832    
530        25240236.2750503    
535        25397009.2663878    
540        25558490.2098309    
545        25724415.6395343    
550        25894508.9231357    
555        26068469.9040219    
560        26245973.8971919    
565        26426696.6833963    
570        26610290.443522     
575        26796388.9918967    
580        26984632.1136876    
585        27174642.8390227    
590        27366028.8464992    
595        27558407.9507974    
600        27751387.6045524    
605        27944574.8626178    
610        28137571.2382838    
615        28329988.7004189    
620        28521438.5086116    
625        28711532.1207451    
630        28899886.9692523    
635        29086136.7706062    
640        29269914.8822861    
645        29450861.5703224    
650        29628630.4285137    
655        29802891.4966333    
660        29973314.5197507    
665        30139589.3698042    
670        30301416.7801369    
675        30458515.7595173    
680        30610615.046087     
685        30757457.1447359    
690        30898804.4381891    
695        31034431.2783395    
700        31164130.5451102    
705        31287711.5547474    
710        31404998.704197     
715        31515836.5056365    
720        31620079.7602761    
725        31717613.2797372    
730        31808320.775249     
735        31892123.5601778    
740        31968948.1888576    
745        32038742.3565036    
750        32101470.3503649    
755        32157116.2897309    
760        32205674.2050315    
765        32247168.4742187    
770        32281628.4766782    
775        32309109.9366784    
780        32329679.3888533    
785        32343423.7895181    
790        32350439.7439122    
795        32350850.3319641    
800        32344788.6708931    
805        32332401.1490653    
810        32313856.4873612    
815        32289330.1251909    
820        32259015.010961     
825        32223124.4462044    
830        32181877.1830176    
835        32135509.7853303    
840        32084263.9346966    
845        32028403.0790342    
850        31968197.2548333    
855        31903927.3263867    
860        31835881.1409005    
865        31764362.1534102    
870        31689678.9807418    
875        31612145.2556998    
880        31532085.3761752    
885        31449827.8107633    
890        31365706.9484593    
895        31280061.2720465    
900        31193223.7836776    
905        31105543.4164671    
910        31017358.5452081    
915        30929015.4500895    
920        30840843.4415616    
925        30753187.8306279    
930        30666376.8911559    
935        30580736.6378828    
940        30496584.8961342    
945        30414227.3245157    
950        30333969.951272     
955        30256096.4811045    
960        30180883.2959885    
965        30108593.3983421    
970        30039466.2148097    
975        29973737.4125671    
980        29911616.7305234    
985        29853294.4250109    
990        29798941.7768875    
995        29748706.8624665    
1000       29702725.1392737    
1005       29661096.7358043    
1010       29623906.8779565    
1015       29591212.6587615    
1020       29563050.1521937    
1025       29539424.7004815    
1030       29520318.1217629    
1035       29505696.7660466    
1040       29495492.4565862    
1045       29489615.6068642    
1050       29487952.1832165    
1055       29490368.973712     
1060       29496697.8080074    
1065       29506764.2330272    
1070       29520365.6118234    
1075       29537278.340094     
1080       29557262.3988943    
1085       29580060.0689407    
1090       29605397.8842177    
1095       29632985.8052188    
1100       29662522.7226816    
1105       29693692.6856868    
1110       29726177.1112628    
1115       29759636.5746059    
1120       29793736.7590785    
1125       29828129.0221515    
1130       29862466.2241249    
1135       29896394.1307436    
1140       29929562.5556746    
1145       29961617.3535061    
1150       29992206.1362891    
1155       30020987.7459911    
1160       30047614.042779     
1165       30071751.4138032    
1170       30093068.3747024    
1175       30111246.2225074    
1180       30125972.501008     
1185       30136947.9388629    
1190       30143880.4344089    
1195       30146497.6198573    
1200       30144532.3018782    
1205       30137739.5749843    
1210       30125885.8387618    
1215       30108753.962432     
1220       30086143.2129291    
1225       30057870.7355605    
1230       30023771.0093185    
1235       29983698.3352227    
1240       29937524.438535     
1245       29885134.8462397    
1250       29826448.0282645    
1255       29761391.2849168    
1260       29689916.1287285    
1265       29611992.5986486    
1270       29527614.0317164    
1275       29436793.0629778    
1280       29339559.6362518    
1285       29235969.2741642    
1290       29126095.8457526    
1295       29010036.2228407    
1300       28887904.8688584    
1305       28759837.581288     
1310       28625990.7541289    
1315       28486535.3307092    
1320       28341672.921336     
1325       28191618.1798229    
1330       28036598.6654553    
1335       27876865.181178     
1340       27712693.8388777    
1345       27544365.1953046    
1350       27372184.7452795    
1355       27196471.1785896    
1360       27017555.5115173    
1365       26835787.6792047    
1370       26651531.0906784    
1375       26465153.8707015    
1380       26277043.3364259    
1385       26087597.8443344    
1390       25897221.0034333    
1395       25706326.8919158    
1400       25515329.4810465    
1405       25324657.8684497    
1410       25134739.4954144    
1415       24946003.6916654    
1420       24758882.186504     
1425       24573803.8024098    
1430       24391195.0023946    
1435       24211476.6458815    
1440       24035064.8966023    
