TIME [s]   DISTANCE [m]   
0          21850539.5496535    
5          21741186.8310282    
10         21633395.873677     
15         21527561.0126711    
20         21424102.7819994    
25         21323442.6033334    
30         21226020.17562      
35         21132281.5666231    
40         21042671.7954508    
45         20957651.0479091    
50         20877665.9616699    
55         20803172.907663     
60         20734615.5599811    
65         20672430.2753903    
70         20617039.9782589    
75         20568853.2128772    
80         20528258.8292537    
85         20495622.6999612    
90         20471286.0497765    
95         20455557.247322     
100        20448719.9878647    
105        20451016.5426067    
110        20462657.4180074    
115        20483804.939459     
120        20514590.6792054    
125        20555099.0453798    
130        20605372.5780854    
135        20665402.064196     
140        20735146.8067897    
145        20814512.6365446    
150        20903366.7303383    
155        21001530.8788434    
160        21108790.7528486    
165        21224887.487805     
170        21349533.7095612    
175        21482398.0569853    
180        21623127.0317658    
185        21771333.0960322    
190        21926603.9526951    
195        22088507.1920163    
200        22256579.3919095    
205        22430356.8405503    
210        22609350.9275789    
215        22793061.5227201    
220        22980985.5783764    
225        23172607.2584137    
230        23367408.5949924    
235        23564881.4134672    
240        23764500.2376449    
245        23965752.6536002    
250        24168134.439771     
255        24371142.3458031    
260        24574281.0569163    
265        24777063.0981895    
270        24979020.2582891    
275        25179689.7777445    
280        25378623.4350502    
285        25575384.4079643    
290        25769551.7123458    
295        25960728.2219488    
300        26148523.5635512    
305        26332567.7341683    
310        26512508.5860444    
315        26688014.030828     
320        26858759.6326379    
325        27024457.7850472    
330        27184827.1821295    
335        27339613.3170427    
340        27488568.7188171    
345        27631483.6349655    
350        27768158.9022223    
355        27898414.4290469    
360        28022093.023375     
365        28139062.7705813    
370        28249202.1847875    
375        28352422.6892933    
380        28448648.7706746    
385        28537828.4058582    
390        28619932.6391891    
395        28694945.7265739    
400        28762882.9645954    
405        28823775.2422548    
410        28877677.2419655    
415        28924662.0387189    
420        28964827.4989506    
425        28998279.9519963    
430        29025166.2517378    
435        29045633.6527984    
440        29059863.5888153    
445        29068052.1846069    
450        29070407.6865826    
455        29067170.5296194    
460        29058590.7103906    
465        29044938.2662345    
470        29026502.2984774    
475        29003584.3382874    
480        28976500.7722284    
485        28945596.1506241    
490        28911211.3906357    
495        28873712.4052261    
500        28833475.458079     
505        28790885.3167681    
510        28746339.2413416    
515        28700239.805268     
520        28653001.7219237    
525        28605041.8002368    
530        28556781.1996166    
535        28508647.0947545    
540        28461062.4349191    
545        28414453.2843546    
550        28369242.5471549    
555        28325846.3586971    
560        28284669.3042736    
565        28246120.4839984    
570        28210590.1942043    
575        28178447.7841083    
580        28150061.7880596    
585        28125777.4699365    
590        28105921.6078137    
595        28090793.8164873    
600        28080684.1425685    
605        28075842.9010771    
610        28076508.0086568    
615        28082884.1632788    
620        28095138.4661089    
625        28113427.023328     
630        28137856.0973786    
635        28168510.3272491    
640        28205442.1456151    
645        28248671.025053     
650        28298181.8682497    
655        28353929.9424712    
660        28415836.3715798    
665        28483788.2119986    
670        28557650.86816      
675        28637255.4546564    
680        28722405.6068236    
685        28812875.0050262    
690        28908416.0727213    
695        29008757.8699991    
700        29113602.7860646    
705        29222639.4862336    
710        29335533.9893469    
715        29451939.6247988    
720        29571485.7702374    
725        29693804.7541883    
730        29818506.091492     
735        29945199.5274165    
740        30073474.4564838    
745        30202934.4538473    
750        30333166.0181724    
755        30463761.0083162    
760        30594308.5362252    
765        30724398.3600688    
770        30853630.8725348    
775        30981605.4434592    
780        31107926.7209596    
785        31232211.3110819    
790        31354083.8758406    
795        31473175.7915034    
800        31589129.0307507    
805        31701600.9022841    
810        31810262.0465663    
815        31914791.5055298    
820        32014881.1936677    
825        32110246.6873349    
830        32200611.6397387    
835        32285714.7429058    
840        32365313.8181476    
845        32439183.5148164    
850        32507112.4506477    
855        32568908.7355988    
860        32624395.0043353    
865        32673413.843904     
870        32715824.9863529    
875        32751505.216558     
880        32780350.7693963    
885        32802274.7961199    
890        32817201.0535218    
895        32825084.6198669    
900        32825890.0287814    
905        32819600.8131916    
910        32806210.7515234    
915        32785745.8190171    
920        32758238.0901417    
925        32723738.415139     
930        32682315.4138534    
935        32634053.8617326    
940        32579054.361809     
945        32517427.2111323    
950        32449310.0743127    
955        32374847.4614477    
960        32294196.7531076    
965        32207534.3085305    
970        32115047.3555103    
975        32016936.0762318    
980        31913414.0863616    
985        31804703.6555802    
990        31691045.1817745    
995        31572676.6885375    
1000       31449861.6013006    
1005       31322862.8279758    
1010       31191954.3829555    
1015       31057415.1226027    
1020       30919537.1700438    
1025       30778605.8737309    
1030       30634927.0388047    
1035       30488799.4137619    
1040       30340529.7314081    
1045       30190425.0104261    
1050       30038791.8802563    
1055       29885939.7054228    
1060       29732173.9562812    
1065       29577801.4829093    
1070       29423116.863779     
1075       29268423.7641389    
1080       29114003.853241     
1085       28960145.8292945    
1090       28807124.9625793    
1095       28655199.9585166    
1100       28504630.3704641    
1105       28355657.6740717    
1110       28208512.7423982    
1115       28063410.3214652    
1120       27920551.1827636    
1125       27780121.6940898    
1130       27642290.2920173    
1135       27507207.1776039    
1140       27375008.7406451    
1145       27245799.8378934    
1150       27119684.5946698    
1155       26996733.9028015    
1160       26877000.1235777    
1165       26760521.9106738    
1170       26647311.4850768    
1175       26537366.2042846    
1180       26430653.6352146    
1185       26327131.4183513    
1190       26226731.4829668    
1195       26129378.3503418    
1200       26034962.8346104    
1205       25943371.9873194    
1210       25854470.9454246    
1215       25768103.8411947    
1220       25684115.5640992    
1225       25602326.4718133    
1230       25522551.0316839    
1235       25444591.3239777    
1240       25368240.8436155    
1245       25293287.5459161    
1250       25219513.8901294    
1255       25146697.1912704    
1260       25074614.0085632    
1265       25003036.8896632    
1270       24931739.3833726    
1275       24860503.3876027    
1280       24789104.6900152    
1285       24717328.5386345    
1290       24644976.0664584    
1295       24571839.1723564    
1300       24497729.7358955    
1305       24422466.8736696    
1310       24345887.7478738    
1315       24267835.4608517    
1320       24188170.2287944    
1325       24106765.9769655    
1330       24023516.0851375    
1335       23938329.5118799    
1340       23851132.5195226    
1345       23761871.8883078    
1350       23670514.7636849    
1355       23577046.6662293    
1360       23481478.9594083    
1365       23383836.9545516    
1370       23284174.4714249    
1375       23182566.980827     
1380       23079112.4004505    
1385       22973931.9440636    
1390       22867168.6081983    
1395       22758991.0607021    
1400       22649590.3803831    
1405       22539179.9704516    
1410       22427998.9004119    
1415       22316308.4341928    
1420       22204386.9326974    
1425       22092540.6414581    
1430       21981095.2804837    
1435       21870396.3358902    
1440       21760801.9945127    
