TIME [s]   DISTANCE [m]   
0          32263951.8863695    
5          32244542.8907218    
10         32224641.6810961    
15         32204340.9159268    
20         32183738.0206643    
25         32162907.2727225    
30         32141912.6040586    
35         32120808.0033871    
40         32099632.2960907    
45         32078412.7625588    
50         32057159.5219557    
55         32035878.1918814    
60         32014551.4673977    
65         31993156.4168427    
70         31971654.2733418    
75         31949991.4909557    
80         31928104.2636984    
85         31905918.5752001    
90         31883348.1415615    
95         31860287.1670911    
100        31836632.3817064    
105        31812265.5083326    
110        31787051.27346      
115        31760852.5515044    
120        31733527.9156521    
125        31704917.8026948    
130        31674869.4608316    
135        31643212.5008311    
140        31609772.3781286    
145        31574382.0552527    
150        31536860.8396611    
155        31497029.2742233    
160        31454705.3780708    
165        31409707.873767     
170        31361853.0891069    
175        31310970.1823288    
180        31256873.8447449    
185        31199394.5367475    
190        31138367.3066711    
195        31073623.9999422    
200        31005006.8847232    
205        30932371.6828086    
210        30855573.7807862    
215        30774483.2365011    
220        30688972.7300291    
225        30598935.2470689    
230        30504270.36352      
235        30404887.6086393    
240        30300708.5279803    
245        30191679.790485     
250        30077749.1819602    
255        29958886.9958089    
260        29835075.5502875    
265        29706316.8604672    
270        29572629.5419148    
275        29434043.8072073    
280        29290611.7450209    
285        29142409.8213561    
290        28989521.3595883    
295        28832056.8209866    
300        28670145.2403989    
305        28503932.8233624    
310        28333587.8416533    
315        28159296.6830465    
320        27981267.8056545    
325        27799726.4002334    
330        27614918.6019679    
335        27427115.3023815    
340        27236602.5342748    
345        27043687.8129919    
350        26848690.7850854    
355        26651960.8173339    
360        26453859.8570488    
365        26254766.081406     
370        26055079.3276846    
375        25855206.0848405    
380        25655578.7692824    
385        25456634.5376948    
390        25258828.8477785    
395        25062621.9604779    
400        24868490.7364162    
405        24676910.42892      
410        24488373.4392949    
415        24303360.6817142    
420        24122366.3536576    
425        23945880.4967522    
430        23774385.2808379    
435        23608360.9975102    
440        23448275.138187     
445        23294579.9166339    
450        23147718.2333289    
455        23008114.023025     
460        22876165.7164265    
465        22752241.8981674    
470        22636697.7663837    
475        22529847.1318269    
480        22431969.0376833    
485        22343314.174663     
490        22264087.1820359    
495        22194455.0483683    
500        22134543.3754027    
505        22084430.7621316    
510        22044157.196717     
515        22013711.7631022    
520        21993040.6353607    
525        21982044.5838646    
530        21980579.0324859    
535        21988457.9457186    
540        22005454.4230557    
545        22031294.5229565    
550        22065677.8997448    
555        22108260.9081632    
560        22158670.1251106    
565        22216501.8659983    
570        22281328.9628675    
575        22352697.5727656    
580        22430129.581719     
585        22513142.6617218    
590        22601228.605578     
595        22693869.0225006    
600        22790549.1664677    
605        22890737.0343713    
610        22993904.9709821    
615        23099522.4535552    
620        23207064.045573     
625        23316011.0261548    
630        23425841.225162     
635        23536057.9251559    
640        23646164.1730512    
645        23755675.3798465    
650        23864127.1338185    
655        23971063.5951661    
660        24076048.6692777    
665        24178664.4727763    
670        24278500.6322985    
675        24375183.0880775    
680        24468340.8614115    
685        24557633.8091692    
690        24642738.138732     
695        24723348.1346492    
700        24799184.3251471    
705        24869987.0901865    
710        24935517.3782224    
715        24995560.570644     
720        25049923.9936767    
725        25098431.169948     
730        25140939.6271624    
735        25177319.0389141    
740        25207472.247968     
745        25231314.4569382    
750        25248794.6407818    
755        25259873.9981565    
760        25264543.7298477    
765        25262819.813426     
770        25254736.5211956    
775        25240355.4616669    
780        25219757.3240291    
785        25193051.2474496    
790        25160366.9814733    
795        25121859.365518     
800        25077701.8236537    
805        25028092.403952     
810        24973261.0791009    
815        24913452.06434      
820        24848928.1000429    
825        24779988.7766693    
830        24706939.2389112    
835        24630119.4063784    
840        24549886.0994493    
845        24466612.4561994    
850        24380698.0177703    
855        24292558.4603573    
860        24202627.31066      
865        24111358.1274163    
870        24019218.5666206    
875        23926689.9985539    
880        23834274.362792     
885        23742469.8648944    
890        23651805.9235982    
895        23562800.5944264    
900        23475992.3643133    
905        23391914.0858257    
910        23311101.3375318    
915        23234092.9101879    
920        23161418.0030242    
925        23093602.4251673    
930        23031151.0925424    
935        22974572.8598385    
940        22924339.980088     
945        22880923.6467924    
950        22844753.3226006    
955        22816242.0933169    
960        22795768.9409182    
965        22783686.6593655    
970        22780304.4787084    
975        22785894.1144195    
980        22800690.5382565    
985        22824883.9329294    
990        22858621.0673598    
995        22902001.4127182    
1000       22955083.5386133    
1005       23017872.8130299    
1010       23090335.9635493    
1015       23172389.1659956    
1020       23263907.4224089    
1025       23364718.4147982    
1030       23474613.5737302    
1035       23593341.4336142    
1040       23720616.1350829    
1045       23856117.7197294    
1050       23999487.588487     
1055       24150347.8747178    
1060       24308292.3037346    
1065       24472893.0115625    
1070       24643697.4359751    
1075       24820245.5205829    
1080       25002055.3117193    
1085       25188641.5143121    
1090       25379511.7446718    
1095       25574161.5773931    
1100       25772089.452416     
1105       25972798.5246745    
1110       26175790.0312288    
1115       26380572.9230786    
1120       26586655.59599      
1125       26793566.8347962    
1130       27000837.6140144    
1135       27208013.2808067    
1140       27414652.2441678    
1145       27620327.5466168    
1150       27824625.3812597    
1155       28027152.1713319    
1160       28227529.4010852    
1165       28425388.6848185    
1170       28620395.4490812    
1175       28812224.6654797    
1180       29000562.3291509    
1185       29185132.8597883    
1190       29365660.4934397    
1195       29541899.8232618    
1200       29713626.646258     
1205       29880630.1079073    
1210       30042724.5663918    
1215       30199731.2371685    
1220       30351509.0020334    
1225       30497923.3638179    
1230       30638864.2514874    
1235       30774230.0978888    
1240       30903952.7229135    
1245       31027971.6513659    
1250       31146239.8478308    
1255       31258743.5783055    
1260       31365467.5005934    
1265       31466419.4691133    
1270       31561628.4031582    
1275       31651131.4990103    
1280       31734982.3987374    
1285       31813241.4468143    
1290       31885996.9889714    
1295       31953338.1491448    
1300       32015370.6016173    
1305       32072209.3606579    
1310       32123981.546301     
1315       32170823.3535393    
1320       32212880.1314427    
1325       32250307.1279996    
1330       32283263.0459151    
1335       32311920.1102927    
1340       32336448.0726266    
1345       32357031.6199394    
1350       32373852.0306285    
1355       32387099.5854018    
1360       32396963.5888151    
1365       32403640.5502183    
1370       32407315.2187692    
1375       32408191.1903844    
1380       32406458.0834196    
1385       32402309.488278     
1390       32395934.0930879    
1395       32387521.154862     
1400       32377248.8216716    
1405       32365300.5722622    
1410       32351845.9360993    
1415       32337052.5751072    
1420       32321077.0096119    
1425       32304074.4894775    
1430       32286184.9257427    
1435       32267542.6056082    
1440       32248275.5440761    
