TIME [s]   DISTANCE [m]   
0          22447944.8099757    
5          22229674.7509084    
10         22013059.9839072    
15         21798877.1880789    
20         21587925.8662544    
25         21381006.8684194    
30         21178935.2223604    
35         20982531.6414473    
40         20792613.0681027    
45         20609987.0150211    
50         20435453.8114576    
55         20269795.8662436    
60         20113770.4386401    
65         19968103.4783016    
70         19833488.9997124    
75         19710568.6728006    
80         19599936.919376     
85         19502140.901071     
90         19417644.5999416    
95         19346863.4986446    
100        19290124.537069     
105        19247683.562651     
110        19219713.6615351    
115        19206303.3118882    
120        19207455.8466013    
125        19223094.297881     
130        19253050.884777     
135        19297092.9027064    
140        19354888.1856332    
145        19426054.7012847    
150        19510129.6747386    
155        19606588.7393262    
160        19714863.1074202    
165        19834328.7260178    
170        19964321.7357659    
175        20104146.7350009    
180        20253081.2856184    
185        20410381.105705     
190        20575292.0251093    
195        20747051.2904013    
200        20924894.991989     
205        21108065.3560894    
210        21295803.0612037    
215        21487376.4827817    
220        21682063.4672623    
225        21879154.3142057    
230        22077973.5169877    
235        22277869.0297975    
240        22478204.8231563    
245        22678381.9883646    
250        22877835.6830053    
255        23076024.9570901    
260        23272441.0254288    
265        23466611.5182581    
270        23658091.8589626    
275        23846479.3039088    
280        24031389.4405792    
285        24212489.7738477    
290        24389462.339096     
295        24562039.070346     
300        24729974.4719593    
305        24893059.4751471    
310        25051109.5604018    
315        25203983.0437286    
320        25351560.8236659    
325        25493758.3920023    
330        25630515.3170674    
335        25761810.4195441    
340        25887634.4462253    
345        26008022.4297516    
350        26123027.6724703    
355        26232730.0126898    
360        26337233.0182229    
365        26436669.8405942    
370        26531184.263791     
375        26620951.5146941    
380        26706169.8352487    
385        26787047.4497989    
390        26863818.654006     
395        26936722.5656981    
400        27006029.4768506    
405        27072011.0914391    
410        27134960.0550296    
415        27195164.7983682    
420        27252941.6897354    
425        27308600.2944201    
430        27362461.7579517    
435        27414847.7162243    
440        27466082.0403735    
445        27516490.2304243    
450        27566390.4977744    
455        27616099.1024372    
460        27665930.7598816    
465        27716185.321086     
470        27767156.6413064    
475        27819120.190191     
480        27872348.093055     
485        27927087.0303565    
490        27983568.3972851    
495        28042009.1874633    
500        28102603.1201803    
505        28165518.9775964    
510        28230906.8704992    
515        28298891.3240987    
520        28369568.651904     
525        28443015.7259523    
530        28519274.2411621    
535        28598369.5580404    
540        28680288.3220757    
545        28764997.802583     
550        28852437.7969291    
555        28942518.1976862    
560        29035124.1560759    
565        29130118.5957466    
570        29227326.7012215    
575        29326568.5427387    
580        29427631.8760207    
585        29530275.5610705    
590        29634254.4985522    
595        29739287.1317803    
600        29845094.042827     
605        29951361.8009567    
610        30057769.3452551    
615        30163992.3299104    
620        30269679.6642312    
625        30374484.4467326    
630        30478045.3573491    
635        30579999.5926339    
640        30679969.8761554    
645        30777593.4420923    
650        30872493.8924507    
655        30964301.131668     
660        31052645.4633362    
665        31137163.1474772    
670        31217494.0642116    
675        31293286.1446054    
680        31364193.7926489    
685        31429882.5340259    
690        31490028.9873842    
695        31544319.3896365    
700        31592455.591907     
705        31634150.6058196    
710        31669135.3432057    
715        31697156.0053136    
720        31717973.4962496    
725        31731368.4929486    
730        31737139.260596     
735        31735105.1735962    
740        31725103.7726751    
745        31706991.0625747    
750        31680645.6445591    
755        31645976.6390859    
760        31602897.2357161    
765        31551363.6629692    
770        31491334.6032444    
775        31422811.0130464    
780        31345808.6265721    
785        31260364.0240371    
790        31166548.4767882    
795        31064445.7879906    
800        30954176.2660746    
805        30835879.9533571    
810        30709718.9258947    
815        30575889.1435434    
820        30434600.5415164    
825        30286100.1837938    
830        30130654.72074      
835        29968556.26325      
840        29800120.7007863    
845        29625695.4997022    
850        29445639.6447085    
855        29260351.969199     
860        29070246.3100927    
865        28875758.571046     
870        28677353.3835399    
875        28475510.0352671    
880        28270733.8408744    
885        28063549.9051594    
890        27854502.654776     
895        27644143.9548898    
900        27433057.83802      
905        27221832.0101425    
910        27011069.3505447    
915        26801382.1732238    
920        26593391.5097493    
925        26387724.3967683    
930        26185009.0431287    
935        25985875.761402     
940        25790946.7762265    
945        25600844.6932672    
950        25416175.1701505    
955        25237534.9716716    
960        25065496.8460646    
965        24900618.3549397    
970        24743425.8205505    
975        24594413.3171051    
980        24454051.9063208    
985        24322756.6256801    
990        24200918.8003697    
995        24088870.1395511    
1000       23986900.1670192    
1005       23895245.8484859    
1010       23814080.4417515    
1015       23743535.1268752    
1020       23683673.8333334    
1025       23634495.5498013    
1030       23595955.5664874    
1035       23567932.8267398    
1040       23550259.2216024    
1045       23542701.3515673    
1050       23544978.0031887    
1055       23556740.2227451    
1060       23577608.3202088    
1065       23607141.0537837    
1070       23644860.9501468    
1075       23690247.1597232    
1080       23742747.6478434    
1085       23801777.9265104    
1090       23866729.3670042    
1095       23936964.9878689    
1100       24011833.7993774    
1105       24090678.3994661    
1110       24172825.3554987    
1115       24257597.0915651    
1120       24344318.5574056    
1125       24432307.2381636    
1130       24520901.265132     
1135       24609436.8411763    
1140       24697266.8365179    
1145       24783756.0316931    
1150       24868290.0033993    
1155       24950264.5550184    
1160       25029107.7752676    
1165       25104263.8905867    
1170       25175205.1346807    
1175       25241420.4833146    
1180       25302436.6416793    
1185       25357800.5352031    
1190       25407095.0613389    
1195       25449929.1878219    
1200       25485934.3650639    
1205       25514785.3286826    
1210       25536182.1012146    
1215       25549856.6570504    
1220       25555573.6798435    
1225       25553130.498018     
1230       25542357.1715579    
1235       25523117.135242     
1240       25495303.3501543    
1245       25458844.5533141    
1250       25413710.1520727    
1255       25359888.7471087    
1260       25297416.6766201    
1265       25226353.259377     
1270       25146801.9339315    
1275       25058888.3694069    
1280       24962777.9493976    
1285       24858677.8919088    
1290       24746816.9751934    
1295       24627460.3460942    
1300       24500918.8698822    
1305       24367519.1434453    
1310       24227636.3253744    
1315       24081673.1384055    
1320       23930068.7933202    
1325       23773285.8874709    
1330       23611834.3389522    
1335       23446247.0712322    
1340       23277090.9684255    
1345       23104963.0717969    
1350       22930490.3264925    
1355       22754329.7400003    
1360       22577164.8934856    
1365       22399703.6878338    
1370       22222679.8742481    
1375       22046847.769515     
1380       21872979.3022988    
1385       21701864.2610402    
1390       21534306.2281097    
1395       21371111.0295467    
1400       21213091.6134378    
1405       21061067.128708     
1410       20915845.1606658    
1415       20778218.5539101    
1420       20648975.6076603    
1425       20528864.5006007    
1430       20418619.8484238    
1435       20318931.8883941    
1440       20230448.4559469    
