TIME [s]   DISTANCE [m]   
0          30424093.142604     
5          30451503.7413161    
10         30469479.6187837    
15         30478148.5550239    
20         30477662.9324019    
25         30468202.7386675    
30         30449976.5136362    
35         30423213.9966299    
40         30388172.3991542    
45         30345144.0034843    
50         30294436.6528996    
55         30236381.7549233    
60         30171346.3253299    
65         30099708.0660919    
70         30021872.605636     
75         29938272.3311005    
80         29849357.6296239    
85         29755596.3620647    
90         29657476.6304343    
95         29555506.2507589    
100        29450208.152226     
105        29342121.4336332    
110        29231795.0843828    
115        29119792.723379     
120        29006688.3877312    
125        28893053.2674515    
130        28779477.8538634    
135        28666542.537115     
140        28554840.2659549    
145        28444946.0639578    
150        28337438.7965619    
155        28232891.8672531    
160        28131856.1197739    
165        28034869.7864717    
170        27942462.0874131    
175        27855129.8525527    
180        27773351.2777681    
185        27697573.1087812    
190        27628212.771584     
195        27565653.0739644    
200        27510238.9568527    
205        27462278.6048231    
210        27422034.7003708    
215        27389723.6792288    
220        27365524.6086129    
225        27349566.2770429    
230        27341918.9828601    
235        27342620.8969425    
240        27351645.9734023    
245        27368931.5080565    
250        27394354.8319098    
255        27427749.1943758    
260        27468911.4449457    
265        27517575.0755129    
270        27573453.2212174    
275        27636194.9466636    
280        27705434.6116949    
285        27780754.097773     
290        27861708.1966963    
295        27947831.6183601    
300        28038623.4574406    
305        28133559.3616666    
310        28232106.1306392    
315        28333704.5389964    
320        28437788.9861509    
325        28543779.3626357    
330        28651094.3370141    
335        28759144.5485346    
340        28867344.4657118    
345        28975101.4211229    
350        29081842.0801852    
355        29186984.7263274    
360        29289967.0393826    
365        29390231.3398369    
370        29487238.8251994    
375        29580461.2144628    
380        29669387.5597668    
385        29753524.8023729    
390        29832400.2210867    
395        29905556.36839      
400        29972566.0341891    
405        30033014.2690092    
410        30086518.1838279    
415        30132713.8877175    
420        30171264.9720989    
425        30201854.6103541    
430        30224197.6660325    
435        30238032.736942     
440        30243124.4064305    
445        30239268.0043785    
450        30226282.0867197    
455        30204013.2368813    
460        30172335.3212027    
465        30131153.2889109    
470        30080393.126813     
475        30020015.2631805    
480        29950000.4186446    
485        29870368.5035948    
490        29781158.9295098    
495        29682441.6950828    
500        29574306.3391669    
505        29456887.5103379    
510        29330327.9414785    
515        29194811.2477897    
520        29050540.09211      
525        28897751.2419957    
530        28736699.0375404    
535        28567670.8517552    
540        28390978.4928716    
545        28206958.4179246    
550        28015970.5295565    
555        27818403.366733     
560        27614666.622189     
565        27405194.4644774    
570        27190444.0249514    
575        26970894.7233958    
580        26747048.9963978    
585        26519420.4224488    
590        26288559.5415448    
595        26055016.8304948    
600        25819375.6348953    
605        25582218.9008287    
610        25344159.2940025    
615        25105812.9843895    
620        24867808.3434906    
625        24630782.7291974    
630        24395378.2350931    
635        24162243.1063949    
640        23932027.3540475    
645        23705370.0895197    
650        23482915.3245819    
655        23265298.2416044    
660        23053137.2684801    
665        22847037.5870527    
670        22647587.103232     
675        22455339.8284658    
680        22270838.6251906    
685        22094584.5016603    
690        21927046.0143027    
695        21768646.2999741    
700        21619776.9539542    
705        21480774.5302971    
710        21351928.688032     
715        21233475.2499739    
720        21125595.9541831    
725        21028416.611321     
730        20942004.4538301    
735        20866365.4780217    
740        20801451.8879228    
745        20747155.7143251    
750        20703308.9316284    
755        20669695.1078538    
760        20646038.3017434    
765        20632018.5480401    
770        20627271.1040304    
775        20631377.348943     
780        20643897.1691308    
785        20664347.977435     
790        20692220.6074944    
795        20726982.0206285    
800        20768078.9125583    
805        20814949.9137077    
810        20867010.890171     
815        20923692.9424888    
820        20984404.4192674    
825        21048577.3068797    
830        21115642.1336303    
835        21185034.9762127    
840        21256214.6222312    
845        21328658.5870526    
850        21401855.2054264    
855        21475327.7637107    
860        21548615.6737881    
865        21621289.5958061    
870        21692942.3847754    
875        21763204.7428303    
880        21831735.8159277    
885        21898223.6005412    
890        21962396.2638985    
895        22024003.803538     
900        22082844.7325871    
905        22138744.0488733    
910        22191561.6029128    
915        22241190.164138     
920        22287565.0846959    
925        22330650.7831048    
930        22370442.9671815    
935        22406980.7475371    
940        22440328.4781299    
945        22470588.4486449    
950        22497890.7597608    
955        22522394.529094     
960        22544300.5125887    
965        22563829.6831539    
970        22581231.2487993    
975        22596784.2056745    
980        22610790.4495826    
985        22623576.3925047    
990        22635492.4673876    
995        22646897.4413605    
1000       22658187.0817285    
1005       22669753.1819757    
1010       22682014.1918865    
1015       22695390.5631438    
1020       22710318.1983392    
1025       22727226.7362882    
1030       22746557.1433317    
1035       22768743.5185584    
1040       22794222.7454575    
1045       22823412.3903119    
1050       22856731.5771948    
1055       22894575.2891084    
1060       22937330.1533657    
1065       22985348.2668483    
1070       23038975.110068     
1075       23098517.8461871    
1080       23164261.508299     
1085       23236447.8333587    
1090       23315298.5689712    
1095       23400990.8011363    
1100       23493667.6446339    
1105       23593425.7905004    
1110       23700331.5024721    
1115       23814403.5718053    
1120       23935621.5179466    
1125       24063925.0748841    
1130       24199203.5495719    
1135       24341320.7169825    
1140       24490093.3768014    
1145       24645298.5439693    
1150       24806683.998678     
1155       24973953.5756929    
1160       25146783.5754745    
1165       25324826.4634639    
1170       25507696.8361447    
1175       25694987.3327694    
1180       25886271.7273354    
1185       26081099.0297527    
1190       26279002.8071213    
1195       26479500.0954554    
1200       26682100.391331     
1205       26886289.7114933    
1210       27091568.5356459    
1215       27297408.9857748    
1220       27503300.3073209    
1225       27708717.0603425    
1230       27913139.3442136    
1235       28116054.9128694    
1240       28316956.5380974    
1245       28515331.4892881    
1250       28710695.9393261    
1255       28902556.9718562    
1260       29090448.6382551    
1265       29273907.9519305    
1270       29452490.2457931    
1275       29625766.3482929    
1280       29793321.8593232    
1285       29954761.7329599    
1290       30109708.9139504    
1295       30257803.2577688    
1300       30398707.8367478    
1305       30532106.5563328    
1310       30657700.6510285    
1315       30775217.023039     
1320       30884404.8261872    
1325       30985033.9241981    
1330       31076898.261439     
1335       31159821.9023341    
1340       31233646.4387772    
1345       31298237.0515548    
1350       31353490.070242     
1355       31399322.7861809    
1360       31435682.1231235    
1365       31462531.1386991    
1370       31479869.6585917    
1375       31487719.3450588    
1380       31486128.9603048    
1385       31475170.617791     
1390       31454949.1912678    
1395       31425581.8569661    
1400       31387230.8033588    
1405       31340071.5776981    
1410       31284310.1444731    
1415       31220178.5248739    
1420       31147927.1882794    
1425       31067845.1374769    
1430       30980236.826217     
1435       30885433.6573772    
1440       30783793.3177352    
