TIME [s]   DISTANCE [m]   
0          31141542.3028422    
5          31197897.5162211    
10         31246064.409567     
15         31285815.7788852    
20         31316943.9831084    
25         31339270.4991939    
30         31352643.5761833    
35         31356929.9205158    
40         31352033.7228858    
45         31337872.1895143    
50         31314397.4343596    
55         31281585.7585284    
60         31239435.8813535    
65         31187975.4376787    
70         31127256.4325035    
75         31057354.5272043    
80         30978373.735162     
85         30890440.1411542    
90         30793706.1767738    
95         30688347.7207428    
100        30574562.7645368    
105        30452576.7807095    
110        30322635.7757757    
115        30185007.3152624    
120        30039983.5152007    
125        29887876.2641395    
130        29729018.4747199    
135        29563765.3194659    
140        29392483.043396     
145        29215569.5312035    
150        29033434.3518417    
155        28846495.9059629    
160        28655197.2923239    
165        28460001.3144072    
170        28261365.9544833    
175        28059779.3023389    
180        27855731.6130806    
185        27649725.0582135    
190        27442259.4734454    
195        27233857.3471019    
200        27025035.1894015    
205        26816306.7344459    
210        26608197.2431447    
215        26401223.7150356    
220        26195895.9743323    
225        25992719.6643049    
230        25792193.3517812    
235        25594801.5906848    
240        25401015.0682523    
245        25211286.9600822    
250        25026053.7451189    
255        24845724.0584279    
260        24670683.1952185    
265        24501298.1027142    
270        24337894.111358     
275        24180767.5739191    
280        24030190.3976122    
285        23886387.3443571    
290        23749550.4251278    
295        23619832.8381217    
300        23497346.220339     
305        23382161.9055161    
310        23274311.4278642    
315        23173783.7746075    
320        23080526.5287355    
325        22994450.8705393    
330        22915415.4339179    
335        22843259.4752649    
340        22777776.667725     
345        22718716.5782158    
350        22665816.2061916    
355        22618766.6740777    
360        22577241.7464475    
365        22540883.3942098    
370        22509320.7824844    
375        22482157.3138967    
380        22458988.2499703    
385        22439392.8784779    
390        22422944.1509208    
395        22409212.7597005    
400        22397762.4371384    
405        22388164.1250832    
410        22379983.2439377    
415        22372807.1798817    
420        22366222.2447839    
425        22359831.3068407    
430        22353253.3612013    
435        22346115.574384     
440        22338080.4430954    
445        22328815.9723303    
450        22318024.1120819    
455        22305427.2198099    
460        22290773.1045815    
465        22273840.4901386    
470        22254429.7130794    
475        22232378.3502708    
480        22207554.7417976    
485        22179853.2389436    
490        22149202.3633671    
495        22115566.7404039    
500        22078941.4982275    
505        22039353.3050357    
510        21996867.9188826    
515        21951579.4553227    
520        21903618.5248267    
525        21853154.0232544    
530        21800375.8769208    
535        21745515.7338       
540        21688841.8085865    
545        21630645.8987086    
550        21571254.8149541    
555        21511017.8736028    
560        21450325.3574777    
565        21389585.6771004    
570        21329229.1463055    
575        21269722.3162599    
580        21211537.1204087    
585        21155177.9383977    
590        21101158.2144059    
595        21049997.9801811    
600        21002241.0848037    
605        20958431.5569815    
610        20919104.8760536    
615        20884817.0614237    
620        20856094.6009017    
625        20833473.8021491    
630        20817467.1221317    
635        20808567.6979524    
640        20807252.4726113    
645        20813956.4732023    
650        20829100.2088758    
655        20853057.088397     
660        20886165.0677712    
665        20928715.5763083    
670        20980956.3731586    
675        21043084.2392739    
680        21115245.7820158    
685        21197532.3925749    
690        21289983.5331388    
695        21392583.7342881    
700        21505262.8000323    
705        21627894.9107681    
710        21760303.2395158    
715        21902262.4612619    
720        22053487.4326364    
725        22213661.6885489    
730        22382416.8318216    
735        22559343.2638241    
740        22743999.7097483    
745        22935902.2252428    
750        23134548.6617544    
755        23339405.6325006    
760        23549909.286023     
765        23765491.0863314    
770        23985560.5919616    
775        24209515.3706932    
780        24436738.5583196    
785        24666621.1594162    
790        24898544.7460472    
795        25131884.5883281    
800        25366032.4487325    
805        25600372.6439753    
810        25834306.1256723    
815        26067237.6198976    
820        26298585.5505659    
825        26527781.6515178    
830        26754272.2584804    
835        26977515.6954068    
840        27196994.0735984    
845        27412203.3676902    
850        27622660.726443     
855        27827903.0624903    
860        28027485.6336466    
865        28220991.3914387    
870        28408023.5275172    
875        28588203.9109675    
880        28761186.4356563    
885        28926640.2880751    
890        29084267.7362689    
895        29233789.4199189    
900        29374956.3626136    
905        29507541.2569872    
910        29631342.3834714    
915        29746191.9422431    
920        29851937.4377373    
925        29948463.2963519    
930        30035671.2764057    
935        30113499.1902664    
940        30181902.6292831    
945        30240875.4762123    
950        30290423.8829501    
955        30330592.6522558    
960        30361449.3083732    
965        30383092.0874345    
970        30395642.2358623    
975        30399244.370778     
980        30394079.2725775    
985        30380344.6070796    
990        30358270.0762869    
995        30328106.1869876    
1000       30290132.8628885    
1005       30244654.4827209    
1010       30191996.7211461    
1015       30132514.7523412    
1020       30066573.5015589    
1025       29994581.068297     
1030       29916944.6658064    
1035       29834110.8178355    
1040       29746531.6545778    
1045       29654683.7150371    
1050       29559064.5007268    
1055       29460174.1098416    
1060       29358542.2117356    
1065       29254703.6799438    
1070       29149195.1252305    
1075       29042579.7871977    
1080       28935413.3571424    
1085       28828257.4650591    
1090       28721679.2542088    
1095       28616248.3744583    
1100       28512520.9884257    
1105       28411055.8872787    
1110       28312399.2776949    
1115       28217082.5636097    
1120       28125631.4707472    
1125       28038536.5662554    
1130       27956287.5059336    
1135       27879336.7151999    
1140       27808113.0702944    
1145       27743014.5107541    
1150       27684406.7966376    
1155       27632619.0970451    
1160       27587945.2681316    
1165       27550632.7133598    
1170       27520890.6284452    
1175       27498889.9968353    
1180       27484744.596608     
1185       27478533.9192762    
1190       27480278.6436202    
1195       27489965.8621327    
1200       27507524.6444146    
1205       27532846.8197409    
1210       27565767.0252344    
1215       27606091.2448199    
1220       27653567.2000073    
1225       27707915.5281618    
1230       27768808.8934007    
1235       27835890.278644     
1240       27908763.0688018    
1245       27987004.1416166    
1250       28070163.7600443    
1255       28157759.9419436    
1260       28249299.8511197    
1265       28344264.3561332    
1270       28442120.8844735    
1275       28542324.5582705    
1280       28644320.2300352    
1285       28747544.8880669    
1290       28851433.4089828    
1295       28955421.5971028    
1300       29058942.7976751    
1305       29161439.3299875    
1310       29262345.9529763    
1315       29361128.0767521    
1320       29457238.9129044    
1325       29550155.106124     
1330       29639368.0579979    
1335       29724383.3236798    
1340       29804715.4567942    
1345       29879907.6455765    
1350       29949517.3368114    
1355       30013122.6597747    
1360       30070322.405627     
1365       30120738.1653432    
1370       30164015.2711306    
1375       30199819.7801075    
1380       30227844.8398388    
1385       30247812.6647074    
1390       30259457.8229728    
1395       30262548.8394682    
1400       30256886.3775448    
1405       30242287.3221749    
1410       30218593.7261364    
1415       30185687.8628162    
1420       30143464.2028835    
1425       30091847.7567809    
1430       30030799.6742108    
1435       29960299.2430559    
1440       29880354.3255404    
