TIME [s]   DISTANCE [m]   
0          21199762.176922     
5          21156614.3046774    
10         21126878.3540937    
15         21110479.484925     
20         21107270.7022088    
25         21117019.9709677    
30         21139434.9423591    
35         21174147.5921537    
40         21220717.7051854    
45         21278654.8502705    
50         21347400.6817357    
55         21426354.4534732    
60         21514864.6593646    
65         21612246.81336      
70         21717779.9932748    
75         21830712.5890196    
80         21950280.6819656    
85         22075700.2791271    
90         22206178.6021801    
95         22340918.6229947    
100        22479125.4354709    
105        22620007.8447966    
110        22762786.4318634    
115        22906687.5783685    
120        23050961.7329251    
125        23194876.0120143    
130        23337717.1056961    
135        23478798.2821085    
140        23617458.2458929    
145        23753062.1395994    
150        23885004.3414905    
155        24012710.4112099    
160        24135635.5868592    
165        24253268.6436689    
170        24365131.6033785    
175        24470777.49162      
180        24569795.6176219    
185        24661807.9878061    
190        24746471.2523716    
195        24823477.291606     
200        24892552.1667305    
205        24953457.9445258    
210        25005989.0315444    
215        25049978.3342937    
220        25085291.6861438    
225        25111831.9440013    
230        25129534.2196985    
235        25138369.0356989    
240        25138344.7988323    
245        25129507.0546475    
250        25111923.5861254    
255        25085712.4603124    
260        25051018.7666693    
265        25008024.530299     
270        24956943.0842708    
275        24898023.9418003    
280        24831554.6477388    
285        24757851.8345836    
290        24677268.7729641    
295        24590186.1003768    
300        24497027.1995068    
305        24398240.6473466    
310        24294310.3031948    
315        24185743.6917308    
320        24073090.5329362    
325        23956921.6266578    
330        23837838.3117367    
335        23716469.3625783    
340        23593459.0974299    
345        23469489.6161275    
350        23345255.51771      
355        23221473.0953092    
360        23098864.1247221    
365        22978181.4197788    
370        22860168.5150161    
375        22745588.2181923    
380        22635197.7795672    
385        22529756.4764275    
390        22430006.3477964    
395        22336687.2415425    
400        22250516.6814143    
405        22172195.145982     
410        22102379.4848232    
415        22041710.9077281    
420        21990781.3199327    
425        21950136.0039476    
430        21920277.2519039    
435        21901644.6535424    
440        21894620.5278009    
445        21899532.6054107    
450        21916633.3475443    
455        21946112.7271064    
460        21988078.525478     
465        22042583.6744523    
470        22109601.1990012    
475        22189034.7159888    
480        22280718.9511532    
485        22384422.9781663    
490        22499852.0835147    
495        22626648.6599091    
500        22764406.4334734    
505        22912659.1435034    
510        23070902.4661207    
515        23238578.3581677    
520        23415109.0432541    
525        23599874.1224597    
530        23792230.5724934    
535        23991514.6467879    
540        24197048.6668699    
545        24408135.0789479    
550        24624084.0582876    
555        24844190.3278654    
560        25067758.2786045    
565        25294087.0650621    
570        25522498.0400052    
575        25752309.8207336    
580        25982863.123952     
585        26213508.4225803    
590        26443618.349165     
595        26672581.8850202    
600        26899809.0831923    
605        27124736.0025916    
610        27346818.6140502    
615        27565537.803683     
620        27780402.7499622    
625        27990941.3075627    
630        28196718.1101895    
635        28397317.3517671    
640        28592350.1467556    
645        28781460.7305478    
650        28964314.1484699    
655        29140611.2485307    
660        29310076.2304368    
665        29472455.9243713    
670        29627536.1429969    
675        29775119.9720056    
680        29915038.8410666    
685        30047161.2541226    
690        30171372.5181553    
695        30287587.8718348    
700        30395747.507071     
705        30495818.5610083    
710        30587794.2492102    
715        30671689.2419661    
720        30747550.1815164    
725        30815433.0040159    
730        30875435.0039086    
735        30927665.4741769    
740        30972255.41139      
745        31009359.6035878    
750        31039155.015661     
755        31061837.1325196    
760        31077614.6017046    
765        31086724.2284388    
770        31089412.2047896    
775        31085940.4808145    
780        31076592.0307147    
785        31061661.6640035    
790        31041447.6159489    
795        31016270.441584     
800        30986460.7298173    
805        30952346.0474066    
810        30914276.6513468    
815        30872595.279873     
820        30827658.7159459    
825        30779817.9847012    
830        30729432.127415     
835        30676855.7585287    
840        30622442.4012273    
845        30566540.7920884    
850        30509495.2931649    
855        30451643.5329325    
860        30393306.3826196    
865        30334805.0029968    
870        30276440.6402165    
875        30218505.6255187    
880        30161270.4120398    
885        30104994.8733199    
890        30049910.1044988    
895        29996238.4054628    
900        29944176.3934638    
905        29893890.6628749    
910        29845537.525468     
915        29799240.1898492    
920        29755099.4404623    
925        29713185.8561478    
930        29673553.3867604    
935        29636214.8689609    
940        29601171.4630936    
945        29568389.9042759    
950        29537814.137944     
955        29509353.7630575    
960        29482904.8349953    
965        29458333.6962689    
970        29435482.4941777    
975        29414165.2023219    
980        29394189.0846363    
985        29375329.2309739    
990        29357341.3087129    
995        29339976.9605736    
1000       29322953.0140386    
1005       29305987.7560532    
1010       29288782.5913143    
1015       29271029.5901894    
1020       29252401.7252417    
1025       29232582.3813579    
1030       29211240.324226     
1035       29188037.5453414    
1040       29162643.1274561    
1045       29134721.9281987    
1050       29103941.7839936    
1055       29069972.8158926    
1060       29032494.3763995    
1065       28991189.3506413    
1070       28945751.3261416    
1075       28895884.4447382    
1080       28841301.2913086    
1085       28781733.8447954    
1090       28716920.8105227    
1095       28646623.0725895    
1100       28570615.0567713    
1105       28488693.7252577    
1110       28400665.3163248    
1115       28306370.2885092    
1120       28205659.5852739    
1125       28098412.257454     
1130       27984522.9918284    
1135       27863923.8395504    
1140       27736561.5042348    
1145       27602406.978137     
1150       27461466.4245014    
1155       27313766.9897744    
1160       27159365.3627155    
1165       26998344.9997424    
1170       26830820.8112263    
1175       26656936.2636557    
1180       26476863.3409989    
1185       26290808.5048299    
1190       26098999.5915463    
1195       25901711.8273038    
1200       25699237.2455706    
1205       25491909.5388953    
1210       25280087.7382181    
1215       25064166.942025     
1220       24844570.4584889    
1225       24621763.6425281    
1230       24396236.4591587    
1235       24168506.847001     
1240       23939136.582661     
1245       23708703.6843825    
1250       23477826.4287662    
1255       23247150.9099921    
1260       23017341.0096974    
1265       22789102.419439     
1270       22563149.4459164    
1275       22340227.5174106    
1280       22121095.8750232    
1285       21906530.0626755    
1290       21697319.7112912    
1295       21494252.315024     
1300       21298132.3039159    
1305       21109750.4249532    
1310       20929894.4333619    
1315       20759335.2603919    
1320       20598825.6197548    
1325       20449084.6143798    
1330       20310799.3159579    
1335       20184618.7196715    
1340       20071136.2914938    
1345       19970892.5595497    
1350       19884363.4934237    
1355       19811948.0761427    
1360       19753984.2802492    
1365       19710717.940207     
1370       19682314.8831391    
1375       19668857.4566691    
1380       19670336.6370103    
1385       19686647.0336646    
1390       19717612.9624881    
1395       19762960.2483775    
1400       19822333.4941441    
1405       19895305.5363039    
1410       19981368.499164     
1415       20079956.696495     
1420       20190437.7466508    
1425       20312128.5151245    
1430       20444300.295844     
1435       20586185.1800288    
1440       20736981.8985983    
