1.63583789925849
3.40248795096463
2.39184419733785
2.35803715006363
1.54375684897327
2.59983896909055
2.12450933044854
1.51318348912579
2.67330380503948
4.68553296871393
1.65751991354068
1.87168626541383
2.83701974194607
1.75707334671233
2.68546377977008
4.02985379033035
1.55263867818471
1.55033817450841
4.64149034222191
4.68330561370961
4.70721213026953
1.54305915775923
1.62934954198806
4.2906527284591
4.19699305285769
4.26918579618543
1.53314813236272
1.54703137450339
3.54814213626835
2.19392009446178
1.55561225460046
1.87357563576822
1.50753871945543
1.54967294170938
1.86405053352079
2.33226228478158
4.65563402400309
1.84053603468874
2.21921642660191
2.96811806251842
4.56913077180175
2.8479564454936
2.40060294349358
3.08017283065337
3.59626363344865
4.56524290433151
4.52617610014368
1.50013601400111
1.67839502317507
1.76421789451548
2.47300001511803
2.04905257772748
2.71709214554758
1.92482496401497
3.13810630885984
1.50117328174275
4.12614966351234
1.5979685896137
1.60221799181128
4.42599641017627
4.23336597057091
1.55451397331903
1.50393945261646
2.60313281255804
1.50081658323458
1.50143974527187
2.63792851229051
1.5330909697276
1.92704359978389
1.6203386592152
1.51941704027567
1.61036108338511
3.84660465088896
1.74866538452992
1.74278352354274
2.7420525897448
3.38408439120037
4.00615382418921
2.81796569972542
1.52032307368898
4.28346875239688
3.26461584053324
2.43958761174919
2.38837640296775
2.69971482382657
1.65972668707932
4.37837104674799
1.50211105181024
3.70878644024
4.45289528180969
1.78249308675604
1.60326383901976
1.53992620188304
2.62892654975958
4.36962585717123
2.82107831475298
3.46261867561919
2.50834486962613
2.05486499967095
2.27060715510232
3.73017820434672
1.9483359356669
1.63927906028863
1.52772962756831
4.40943640516883
2.81445034754724
1.9530668532368
1.72065801640477
1.50262880830569
3.9657773062935
2.74741977507856
2.34962212125327
1.50132489421056
2.37254207068213
1.5866375763106
2.78468053343107
2.42205302124176
3.50030398155275
2.05266764702326
4.68145080897056
1.75885628024218
1.7540404670314
1.72762233796907
4.07833415049904
2.79956971837656
1.60653706329956
2.52723902038371
1.49997508560662
1.67805937015241
1.58043234423778
1.57870908249839
3.60279112601263
2.05251828883994
1.59779157220224
4.70713756745245
2.58001708328055
4.22576518653493
2.87485423467308
1.55694554862887
2.935020650096
1.64194251484777
4.58383998120997
4.58492339887284
1.78313057837368
3.40621845954647
1.52565375780542
1.63569032767261
3.73527758669613
3.03796102117605
4.68021769434253
1.52178426256186
2.02518516064946
1.52067412104477
3.91319193615503
2.34691869452082
3.45668348710598
1.93990128546028
1.56022823390964
1.52615202111132
1.49923045743668
1.90163927783308
1.8354505084882
1.62000653714182
2.85815283527001
2.50431509890959
1.58146599015324
1.9561526556779
1.52155389614828
4.57306327513748
1.55833747122545
1.534167915538
2.38821742962947
2.01655033894337
1.51120930447065
3.25111987726583
3.488173391285
1.49975686507819
1.50951751842564
1.83634789017429
1.64598370383642
4.66870665526911
1.61582786675368
1.5333371950795
2.21629258835909
4.19378727605966
2.90928032049711
2.41144541288398
1.5004147322762
1.54492641334626
1.59455045799938
2.1720440997406
4.70449127528859
1.52589823699954
1.49901581493389
1.53443750598238
4.16192794884472
1.67761938254625
2.50420078489535
3.12077672829282
3.3626225559517
2.01604095214164
1.73101291989139
1.50177825499586
3.7305590532456
1.49939576577845
4.17531900097744
3.18705770737688
4.65240573061406
3.83687775523604
1.59675172819694
4.29410641404022
1.60413038547266
2.44529972481791
1.68293349890238
4.01545750006284
1.69939654031493
1.82580374702486
1.53979091073813
4.41736107015965
2.12459049362517
2.40750468313848
1.66861755404237
1.51879975365194
1.55677707693359
1.57560687785712
1.91039896180931
3.86937385695608
2.03696754211694
2.82331199817075
1.51799650390562
1.56532988158649
1.65348511701183
1.98456324686488
2.22789685864526
1.50122810850817
2.50363867482913
2.15900682359426
1.79787924569849
1.66726340108092
2.68186822443696
1.77885016790636
2.39649278569124
3.92021626430819
1.64548039275471
1.50196701024701
1.55387805334962
2.86344172983116
1.72626927763409
1.72530270690316
1.65448920166316
1.61249601582295
1.59936119965887
2.85718775586415
1.78207681533573
4.70846881601115
2.22763880072744
2.10098241376743
1.6412391897359
3.34072655059509
2.7995041493915
1.51087540597003
2.82962070003896
1.52241298582426
4.40772224863417
4.1980339832154
1.62825020126534
1.50281108935154
2.68958562446951
3.41837838725823
1.65367269275092
2.87125075595163
3.18984649766729
2.54985610094205
1.61995243661405
2.86814451910824
1.51322823766387
4.55041853740689
2.46786869413649
1.50279004734203
1.67182211950665
2.47343211574349
1.8747645887668
3.07578992399635
1.96361257143328
1.49903995647061
2.179766811458
4.32297996287941
1.58130739100298
1.51574996947597
