1.87199414169304
3.96168975647435
2.52519123508602
2.59309229134602
2.41891153436639
1.57993416680454
4.21272035097236
4.46262105262781
2.87891995736012
1.59539417673243
1.50947998469887
2.87587596098982
2.44845585365264
1.7085105960364
1.77067184210861
2.73752916046816
1.64596257399326
1.55659031450516
2.58263598243283
1.55057699683578
1.64932635709366
2.31345932038356
1.5316270269001
1.73607600372766
1.78652674828943
1.72627167729309
2.70821891090724
3.02935533416073
4.56498620203285
3.95374040509637
2.41446123139251
1.54903193473776
2.27548241914545
2.54816199195718
3.70859874901329
4.53002195234032
3.18045339102384
2.21138775012187
1.59932142416468
2.11355952870334
2.16071254473276
2.32014099401971
2.14163635207531
1.51280729513816
2.92576890662804
2.56826913089158
1.92168997516596
4.05958586680964
2.44005936709982
1.86309699923338
4.70263266334715
4.69861290180087
4.33184715353116
1.50182232487563
1.5849162119283
2.02132143481216
2.37686536038548
2.11261892459658
2.87077547886356
2.38624171991803
1.63458849359048
1.88961179993791
1.73166450059116
1.89562585543439
3.9768783519286
3.5594203941363
1.54462533578119
2.1448623202326
3.13916015285074
1.58216864327082
1.63880542401668
1.50042143109017
3.72501552210281
2.08310889662617
4.6429254291208
1.50255225815971
1.66930593299664
1.53515154996406
2.04829848452877
1.69234032461743
2.39557535383164
1.64657603116159
3.15174858258702
2.53282265760723
1.92010692836087
1.75864311058981
4.0961438096484
1.62625104302532
2.59383333850526
2.48669762938788
1.98793165872368
3.13370407638736
2.83718115820206
4.63955619776099
4.33437432577062
2.47466611905871
4.18250613326043
1.49948699971286
3.67818934873509
4.70347640846898
1.50576847987677
4.44325534764156
1.57001609154987
2.09621812589761
2.14979212408566
4.41733276926171
1.70172518499479
2.08248603654651
4.52184724907352
1.56005566529939
1.92036826519004
1.60888554243617
1.88304878362945
2.8163912638156
4.33173109090944
2.35069662143609
2.41665763759505
1.50672918768321
2.62964724826881
1.77209402951049
1.81998273474727
1.50278935157251
1.57762307068043
1.79766034474659
1.65450865017159
2.53409923479647
2.17149472381035
2.0951964370853
2.03463258999352
1.63410748989747
2.23063004064744
4.09572952950367
2.59984253698557
1.51299337380709
1.86320435028153
1.70392888474295
4.12280941536463
1.5277155401913
1.50468257182614
1.63617133708923
1.55617612890919
3.56177289031955
2.95511629207191
1.61374396155321
3.08633791706124
3.31888054054997
1.68543835003386
1.555507436524
1.66026417101094
1.75269948984698
1.56573981252876
1.93293437346902
2.83765314644692
1.4989839846696
1.66808068022838
1.49935763996014
3.63033529062083
2.47611035169908
2.96181552311687
2.38280459862122
2.19346975985879
4.58013120388411
1.50346685861113
1.88608692575181
1.81759602125609
1.57711924033787
2.01740497841385
1.85803213344733
2.21950942876785
2.59758405402706
1.5036617317223
4.67342587035765
1.68412551456735
1.92423226786735
1.76228885440808
1.97485034715979
2.03219468722323
4.68660733863647
2.49700210042799
1.51369836953405
1.72982993635636
2.05427610414038
3.40971542898659
1.62601676838008
1.61344109202035
1.60914686001894
2.5401995093139
1.68378271287847
2.42784498272131
4.30440793178824
1.99864021760407
2.77343700381156
3.56129105435629
1.52588187959665
1.51323174716304
2.28122524284545
1.51726488176605
2.29194462732015
2.929929014493
1.97053440435391
1.56509046582467
1.50141358738058
1.49974906113115
1.84320847088708
1.54554198233177
1.4992377159316
3.19622910718809
3.34503195323662
1.54670011538522
1.82551137379175
3.01596627067418
1.50830213197075
3.13745418306407
1.49903702227182
1.80615315851356
2.95381008795498
1.65029024675938
1.50853959563679
2.13182503666405
1.56670810327162
2.14690724701146
2.1975458694019
3.98121612932102
1.62778850788723
2.14390988381587
2.85262190550442
1.72503876659116
3.56257752076343
1.7071164175456
1.67015005801907
1.82707850367544
2.49636403269368
1.51573280301938
1.58001219989577
2.67683639113156
4.53970012393418
4.34093360659438
4.19224474730079
3.7770690435276
1.50017545962434
1.90432092867218
1.51038716295643
1.61926896119326
2.55800163757819
4.47896363770913
2.54072972250162
1.53470629190229
2.21089578890784
3.22264035314615
1.83954953545628
2.16838074814356
1.60524681448121
3.43386645064403
1.7410756661402
4.03401005889171
2.68786615830523
3.61429427009779
4.69594142595047
4.65414575930727
1.71626964263507
3.37799799786512
1.50978824365719
2.65224848531009
2.26240434916369
3.33552588098995
3.15425978288102
2.76788281837354
2.01892038127948
1.76626559893317
2.03741358953231
1.97433807735656
4.36729386376032
1.86552242021007
1.67779624343709
2.59825726783873
1.50778529116023
2.27362368693721
1.84124435192767
1.57709107172747
1.50503250138024
3.34252593051021
4.43714637581871
1.83724896999853
4.43760838258255
1.70814530987142
1.53884575697855
2.72210498279166
2.39569218193711
3.89364808152958
