2.07186257486917
1.64386861552592
1.81552814126265
1.86335130305022
4.6594828716284
2.52419801081884
1.51734046386134
1.4990698260472
4.65574816282078
1.52759761496055
3.27133008745418
1.55386250889887
1.77951545055002
1.70968591955916
1.80886174844265
2.46098205940482
2.63333939663147
4.49656539972995
2.51830653105739
4.70044037212077
3.11357628904556
2.1905990626447
1.53575445820308
3.31913760897866
4.68827920796283
2.48301517412398
2.34573558754686
1.96513150759263
4.29569941697205
1.96457053400695
1.53503027256126
1.93682427069499
1.87616050211443
1.8128612011889
1.62057035899239
1.84376697654465
1.55229204065889
3.7936530641897
1.61709345763497
1.58202596782876
1.74700780925635
2.46407568646491
3.57830976239172
2.37184698928843
2.11408194959581
1.6572278275212
1.76806623805376
1.50544485220039
1.64143022685279
2.29985386144207
2.19621358624633
1.5720412263428
1.5102053148844
2.28202960314894
2.08323402909596
1.65941728780528
3.37127237120287
2.83370769044373
1.53933502961441
1.50020991734351
4.26441263494065
4.55436446796598
2.11613840056205
2.34571008360888
1.68862488765822
2.42751719499355
1.94777242978288
4.28022379237596
2.27866590961228
2.31971148058345
3.34167675078265
1.53843815972761
4.30575246769218
2.96631552148929
1.98982299170155
1.51173334200169
3.37709479450471
1.97229038194636
2.50791911712909
1.55747990747728
1.62889153370494
3.69592823111696
4.69545210138961
1.56995169601922
2.57228326179153
4.56507460264691
1.86604638896885
1.57517071762115
1.57767221341102
2.1379063902593
1.54333627710234
4.68747355799077
2.27635642450141
1.7087204459381
4.38330084971329
4.52703388987026
3.67434480763305
4.59255358994387
1.55874888978837
2.84222878209508
4.63925143238571
1.56538524713028
1.8951066512079
1.5175296111279
1.49923031935413
2.8104260209168
3.16582112525344
4.69113642362596
1.54626967755164
4.1859441685971
2.36162905725221
2.17993407767428
1.82210228005038
1.63910714657205
1.54769146331805
1.55157811771834
4.69406191699326
1.53920032742702
1.50044192932953
3.56077497154152
2.06239483573123
2.54576581466054
1.62811705628874
1.50171220793375
2.36971143454682
2.35123509599429
2.48875462491542
2.79956391241554
3.75605795529882
3.29521191734845
2.64079058889747
2.56175408576666
2.85754471002607
4.62124122804065
3.35297191504762
3.62553612380144
2.08581199978975
3.65369493564432
2.11745248317653
1.6682942845216
1.53077110562016
4.6149127212282
2.46049395800066
4.34173810742663
2.27153523753351
3.16776954934929
3.71776455474637
1.87778497845657
4.29999960196713
3.82205904016256
2.34513453511558
2.36381229386622
2.15445287106357
2.68803890937364
4.53365642071955
1.50806340319089
1.51897815546943
1.54953530925556
2.64887551292596
4.16332564048256
3.49184252583424
2.30207877144442
4.53985818154562
1.5298699932949
4.60426165926603
1.58538457894274
1.52515094792517
3.23416740282995
1.50265961787744
4.27639573772842
4.506442570125
1.52530850797658
3.0502208558112
4.55693278678212
1.56073339519261
2.02336833972763
1.68505994934761
1.49991419150495
1.58791629315359
4.70702049637239
4.59729310470374
4.12676023346728
1.50320553090542
1.65449809019169
4.38246347759063
2.27234565479482
1.50778679879392
1.54717502064988
1.71559526788558
2.64237239632941
1.49958498130645
1.81288870217783
2.34932682369144
1.60696035644481
1.62090294424335
1.63820076656591
4.33613915852338
2.37817137756854
1.80534588202838
2.51647048675408
2.02241330702201
1.50920184361746
1.73255042832803
1.80359915011247
4.26087014490219
1.5387156548788
1.50707665534824
1.55337570928427
1.55211876736678
1.74909854354357
3.5825535894836
1.68640440154175
3.00475132017389
2.40004926318446
2.03844460052773
4.44136470778573
1.74626400526788
2.81564734872219
1.5491974272268
2.29781967759171
2.29825651668077
2.1404633426984
3.83774395508943
1.88099723681608
1.50373880357256
4.24314677841803
1.69054911793895
2.14104265360751
1.62779141046483
1.50093493467706
1.85086540866934
1.88655541519011
2.78290290805419
1.754055785355
2.13065471125701
1.50448405174946
1.60209114481973
3.59646789673715
4.7076946813787
1.55063366240188
1.5370615161268
2.96514561128893
1.69051472462218
2.98760955939692
1.7923829896175
1.49927094155687
1.95756048535873
1.53492291452489
2.25245785307636
2.96151525207658
2.03588878698217
3.247529827892
2.36737735998281
1.99248902259007
1.52571822878578
1.5687338259897
4.18780286742653
2.6093751916771
4.4221726196615
4.70726097316726
4.48525958510526
1.50017918586035
1.79902958250625
4.62046566026005
2.44037522583447
1.52409647675059
1.9290050711651
1.73589661863756
4.29410162755223
2.08821771642959
2.26548743004361
2.19929756671383
3.03813348937702
3.07849729431228
2.43596874979521
2.24972251733782
1.67304774245444
4.66268959864394
1.50502363197947
1.6048019279976
3.79021380733035
1.51748271078592
1.69264368005527
1.63362712660728
2.90191088930632
1.81825711937064
1.51234513616099
2.01389604096183
1.7305871116017
