1.77002790382978
4.69543114414568
1.50965438921926
1.74494995385201
2.57582224719657
1.61058965071998
1.84470292373366
2.14088256206884
1.75914049384057
1.66097983760849
1.8638740678882
2.23414321979571
3.94723318254728
1.49984510387243
3.29251588720735
1.55209311575294
1.5365708258313
1.94201459366743
1.96213321987122
1.93467390860848
4.68420949916159
1.70276366305475
4.1670398470892
1.5226282038123
2.05476681944495
1.95069072201959
2.2482762580191
2.66479046274016
1.62831394851486
4.69785739862076
4.47256441328426
1.53781836662657
1.52312935931698
1.50590540536521
1.49988070126249
1.52404218525175
3.03732236987607
1.5014676704158
1.56856360623868
2.41918573190197
1.66584788763446
3.14018410522924
1.51297556522062
1.62849324663496
1.57695477357757
2.40813186119285
2.8539444423438
1.49977500211315
1.67399808444136
1.86531771534345
1.84682012022795
1.53220784895872
4.66641363859279
1.49923399671733
2.98639287092809
4.58787134209941
1.66791986342696
1.86851481348963
4.54725880072875
2.27610531479217
2.28439524982905
1.94701103544523
1.51443123489972
1.58299559180967
4.69995552610786
3.76835729695997
1.62959458293146
1.51250732703205
1.75350921081989
1.63988863828425
1.65963883893069
4.34651352008402
2.61651303043652
1.62390005745315
4.70838419493547
1.53775244755815
4.67992042609614
2.98598097324751
2.59933996644213
1.49896772980492
1.4995445452843
1.55316380397589
3.04146164923966
1.50330845766577
2.58081294155202
1.50792085530038
2.32528588185378
1.53567488771859
2.46146932872325
4.57625239377971
1.49948531761627
4.54340090137145
2.83525929466881
1.50233574237421
1.63878581654611
1.97634170204992
4.43311445596878
1.59426359352845
2.66250244941175
4.23539864659278
1.58098907475897
2.75961437326724
3.52999322681866
1.74095824610759
3.6835376715813
3.44270564200632
1.50881689087568
1.49962036477964
1.83837135416588
2.85442180353741
1.72325388467536
3.884932547391
1.59765647263115
2.51605311975956
4.36588341771963
2.84251133168549
3.88398656610145
1.50863694566783
3.56169959982851
1.57128544876731
4.10046698717631
4.70019444164362
1.70774635629114
3.20726119813816
1.52935625637512
1.70973934050369
2.79284689344682
4.67386834807839
2.60410865825093
1.81166492154184
1.57654121609311
3.71901018078484
1.74410647508729
4.48488667895618
2.77457403409275
1.54260303626511
2.25671865619995
3.83906804012286
1.54559043734899
4.40482813430752
2.98555028034784
1.76743897755756
1.50053320554095
1.55089331729184
2.62126459628131
1.51729766837869
1.71045902931818
2.01128651084075
4.18417230275676
1.5049987079219
2.24310593104446
4.69459623080155
1.49909570518743
1.52341580023512
1.50246399100484
1.85039270440367
1.5071181628833
3.09768927590668
4.33741062065354
1.54485111871016
3.46338819078835
4.5209072727668
1.52568468570342
1.96141155489678
1.51664652330889
1.49965621177438
2.65458473057335
2.49172702784588
2.8281289726484
1.7056281471334
1.67037204302085
2.22835920370127
1.55334812557907
1.63182426954209
1.85230452176822
2.04003366818804
1.53594481432587
1.77322133620092
3.95114004360616
1.50269223298758
2.74907678190385
1.95003373666501
2.87023402009785
2.70758782813535
1.83280126075043
3.68698130176437
1.76392231994969
1.85933379856054
1.5859154011958
1.75593729255024
3.11690929926904
1.70867129834547
2.21972879642477
4.26698518032972
3.59212603602154
1.55361971727776
2.18863903766361
3.24153068289599
3.19057462157867
1.73983434759587
2.04411990147442
1.50065968495266
3.12204329335183
1.89835538422376
1.51629124608835
1.54557789179752
1.93439793376188
1.50062809733484
2.00991888106811
1.5477402975347
4.4117649021603
2.85177995438508
3.74529034564704
1.64192638258306
1.51276757557398
2.51245391421312
1.49990276103963
1.72321844025853
1.59954493117326
1.86284923312864
2.20212909346346
1.77749001212741
1.53867038526618
1.54010430611927
2.82671633699347
1.53202060369895
3.68290647938713
3.78245343878981
1.89064619046671
1.91530028521485
1.69633024567671
1.70566597674441
4.67838166710784
3.45371244230299
1.6724416732602
1.58915512656895
4.70414432816756
2.55304337133529
1.57590451752022
4.45371741077031
3.66961903194855
3.27450322693983
2.23834473022486
2.90373052923711
1.76175448822006
1.71286663694044
1.55051735976433
1.52291149575447
1.58764670414301
1.4995051277675
1.50793513968802
3.81543178333468
1.96775071716356
3.09856405504411
2.69135945704383
1.50031140168788
1.70205045842649
4.67073346987883
4.26327261290951
1.5068461462971
2.70900404412786
2.26519779429253
3.91007957496432
3.07853171602024
2.01883512427557
1.76636456458753
2.51899144088023
1.83610449878167
1.98782720548962
2.61608182619345
2.20074351633351
1.53497225624832
1.53363041788953
3.48746968645547
1.97871781811732
1.66720064228819
3.22660027026828
1.55941233953614
2.23304534616827
1.49932040970589
2.42654408326878
3.89281516184696
3.95738581751671
1.52001831501242
2.06549734945546
1.63865238948593
2.37412790146688
3.276761393341
4.58358582105493
