1.50987403686493
1.57181532618801
4.56941328104779
2.26273369060507
1.51566077188513
1.52167205078384
1.88471863271556
1.5142055531875
1.66395315950245
1.65716194082895
2.6948609466755
2.42290668804726
2.11346051303938
4.06108016089768
4.1826732043037
1.50390340922267
1.50533843078183
1.52707538821344
3.46499801144923
2.85384829901119
1.95623745311591
2.75341481067338
1.50519219724549
3.26312325801257
1.6297927750534
2.70522105068966
1.50050575634954
1.70136455955505
2.61908316686714
2.17771290752933
4.51685546694324
1.52172207041061
1.6041236713346
1.92139467114075
3.52968269517779
1.90308789039644
4.34354001118647
4.34658054516102
1.61553549998557
2.18103937433001
1.51458092472352
4.63848143713183
3.40929639799012
3.90300693801264
1.51628963359562
1.66494512603646
1.49901706026106
4.34446747895084
4.22289589749039
1.56467822176068
2.13241248735087
1.72482330147068
1.5310650244896
2.57229221894218
4.34082553791686
2.25940948585163
2.7163421879211
3.06965402055459
1.93783186166512
1.50399976217975
4.52883955235859
4.70365140108714
2.31842378798043
1.6334130995917
2.23452504300459
1.50289580106463
2.86179576463227
4.24653229477554
2.03363713768035
1.63581260579509
1.59720690974161
1.64570424907328
3.77357935113577
1.68120218358315
3.98642846743119
3.38791048700609
1.51371716037293
1.6241390027682
1.98700550985367
1.96052870262582
1.53847818513159
3.83177886598748
2.71935046479841
2.24483289956907
1.63612713605342
2.63337756099735
2.36726749141295
3.14757792946142
4.69275840593451
2.008171037402
2.04138625426809
1.59779133451796
4.33060618854256
1.60888734102592
1.49896229003728
4.31977533740499
1.63005900249975
1.62625832044691
1.56698039721623
1.84876513756779
1.64486837080128
2.36310708316216
3.46297404566635
2.85415399990362
1.59871420324651
4.63578237938872
4.27064968561058
1.5338789814313
3.18408357487235
2.8517486328189
4.5474578507918
3.18947864188658
1.63637958120214
1.50099512520243
1.87633166233246
1.52968362186187
2.64273773616392
3.63086796916906
1.67265753967883
1.95661610214306
1.58666945215644
1.56272921647795
3.14850746769942
3.31344298078555
1.49901016906537
2.10737714554482
1.8572272394031
1.62413203102906
1.9216574699263
2.27605231024915
1.50476842521411
3.50898522948823
2.88912403911647
1.72442016384233
2.17950662552067
1.51515608848706
3.44514806823893
1.52347787361425
4.00402794697125
2.15777075563491
2.80841609235724
1.50241652632597
2.77561570084275
2.59918591675366
1.68853306632686
1.5197992844351
3.52913954957543
1.50817366243429
2.84541642007765
2.33739300056448
4.67067798298019
2.36260385133512
4.39552910375407
2.12689629417968
1.52327821133214
1.69954157415091
1.53450362231389
2.37394842572746
1.72700047098253
2.51559123986683
3.10397374973807
1.50906619603905
2.32391122509274
1.85337958533177
1.58030516635573
1.49900699510461
4.67365348262545
1.74467048168977
2.46294230061835
3.50811075010315
4.61580031058158
1.52219463430228
1.76907051178007
3.17907687218376
3.07358423409337
3.37484387944761
1.51891913599807
1.50627045088765
2.03051133089446
1.50133540084951
3.55257525402958
4.41595560731153
1.52184363311139
3.38303747600317
1.70714817481328
3.38719193312429
1.50896076114094
1.82364677530567
1.77316817709177
4.49384766400233
1.60273764691305
1.98699083399665
1.72855755633367
1.75960114022112
4.53633732787419
4.27542642914516
1.74153347206619
1.52348170864697
1.52707559469495
2.94513837356147
3.49803417582956
1.8931792704272
1.50181880822344
1.76378249097411
1.66268851131909
1.8139105700069
1.50454807576
1.96600202135435
1.53859130241284
4.43619509799379
2.64543345692675
4.64124036444813
1.49896268687792
1.86699823565077
1.58567803189904
2.76842043881363
1.8354568243587
4.48192984702414
3.5085827409542
1.5609054356287
1.65327156994142
2.01225541137489
2.73626671989517
3.75712736392413
1.60397045328493
1.64176937213154
1.7198972087033
3.16665626270233
1.50004197234007
1.51409279802658
4.05556412377972
2.232326492987
1.51363251430355
2.29388283185573
1.5037497372635
1.64282078098659
4.66517312992914
3.50616152586366
1.6119704294036
1.50074927282576
3.59958384278797
2.81850325824515
1.55141720997418
1.5483967204517
1.49917457888453
1.87925399217363
1.57106336646154
1.50676891359413
3.45638936191097
3.68888238242506
1.5006210737834
1.49994001817889
1.49937871559321
3.36652264500921
3.62840990696565
1.50213220896986
1.51144025853978
1.53999756421469
2.13102362952376
3.36187143770036
2.47159562185858
4.55228131611295
2.4382267556757
3.74008976195977
1.87245644491755
1.54848820525156
3.24117419202748
4.59294240535336
2.25749355840931
4.03136766450544
1.50014161963633
2.37033523976414
1.59432379388327
1.63520493020884
1.52827031024028
3.37523240562944
4.58958549436428
3.49614394393679
1.60686723721073
3.33651949886162
1.50685063626944
3.17269878765773
1.63954222677681
2.55117746641646
1.50018646303906
1.51737291214928
1.51376973336053
1.63034664033651
1.54293193896893
