1.50927382126819
1.74623770530551
1.50169577307774
3.76451323203779
4.54355462472603
1.55808560101237
1.9125899149287
1.79751781441245
2.12714309366783
1.55130622222719
1.93336955793951
4.09719813464705
1.98909429554425
2.67930127527066
1.57763670920513
1.5551103917696
1.61147470642198
1.8404144331979
4.09968636680646
3.66758305117965
1.49971053027054
3.31300844485736
4.61732003716885
1.5768227199616
1.64695845378888
4.56498300017133
2.80779049437699
1.53072359090271
3.54942667493143
2.55922491628267
4.68995183201884
4.284877474402
1.65298400567214
1.54002784652016
4.69502962562705
4.51146257003786
3.22475529489357
3.16568637563148
4.04811796353443
3.42860763641837
1.61242630599932
4.51885167795269
1.84220716678028
4.12349732528667
1.50305133469873
1.65082477471009
3.58702359555453
3.7274909993901
1.8851681726438
1.57471805350217
1.49919523345532
1.56497367811181
1.49896420353429
2.66423831884465
2.09171916331889
1.70189495332059
2.11583599586676
2.45882406107188
2.07742321789871
1.55671148381606
3.63913360255607
3.09257884144873
2.62690529043369
1.50074598063551
1.50499201239715
4.62390080745226
1.7412865122124
2.04400088456433
1.50809676162903
3.59224297444235
3.50518036815932
1.73452006844241
2.23702143811678
1.74789182642573
2.41997621172345
1.50404033240983
1.75098333996135
4.42661495950373
1.53259377205618
2.34516931252782
1.62787521851929
4.68904719275113
2.33434303955498
4.68241627596109
1.55063675132837
1.49905714949981
2.03700807327436
1.68013531028309
1.83806275675576
1.63076432816513
1.53327710010067
1.93918377183501
1.61798501398365
2.24322086329993
1.55456475665182
3.24155106595923
2.111725788075
2.23517732625957
1.82975127375729
2.56540438899126
1.609138817753
1.50052681235885
2.4200061064688
1.49984345433043
2.25484961966791
4.45571338002678
1.90339679988714
4.70638139293211
1.55035787490611
2.49002894215191
1.50099778414432
2.52312987531083
4.17470394745582
1.51483601699019
1.63594771752657
1.71874217274554
4.70699534018977
4.6852840579995
4.7071074513292
1.57126040255591
1.52876860059596
3.23346075739826
1.94885256959214
1.49936179193223
1.55655043259328
1.59872606137352
1.93033101847862
1.66554041063154
3.90978259306572
1.49939057671605
1.9771208179885
3.9251092932228
3.11613053079792
1.51329613906594
1.50415726379452
4.42157894083517
1.61822105102552
1.60452078676449
1.58163193880497
1.79804587051468
1.87769733933145
4.70804181684874
1.49985889478667
1.50582802987314
1.50779285804344
1.58169634860664
1.85419779150893
2.37132309766848
1.50866985055916
1.51431783631145
1.68114782891037
3.30035908114517
3.26286730432383
1.56100028825146
2.25998432533866
3.77032340845097
2.38759490240909
2.40915392094358
4.28358588916949
2.25889390918785
1.50106534986396
2.56303631383304
4.69679265151057
4.1762735824086
1.50672226767295
1.77187451599991
1.68761771355527
1.54052949675377
3.37962400949336
1.91227645345731
3.55538349495538
1.53237517683885
1.75994551242218
1.55025594549957
1.83011718859847
1.49948003128469
1.99960956194498
1.70856713231049
2.66993903662814
3.12332148995799
3.69215105968889
3.53358940526576
1.53936830108803
1.50489048924554
2.94900843200278
1.56249786894297
3.22850397791875
3.75703907097236
2.09140500227371
1.74899464937984
1.54726510427453
2.34190103689887
2.02342764024956
1.51866656831273
1.49962745058854
3.88758143136276
3.1701282905686
1.54509707939538
2.77274436475307
1.7016599803622
1.77678875113072
1.52841858516542
1.56074341717562
1.55359284123224
1.63842883940495
3.55330034452858
2.5514949880858
4.66746656299618
3.73697916026016
1.63860335564533
2.12171671253148
1.64962542388879
1.79803434707796
2.99890768333216
4.15942924271651
2.97611320917344
4.2894288051367
1.83859187522127
1.50442945021651
2.31615778630368
3.45956585592505
2.22302236115033
3.15248112866937
4.67930817196439
2.49536186746707
4.1305418595016
4.59278816902963
1.89134237742204
1.79543973461613
1.59562155104935
2.67500743225782
4.66017982304346
3.10219233548263
1.51942759974456
1.52230315687263
1.55366412921272
1.61176094549821
1.80252920750427
1.61592025026468
1.58142227434552
2.32479025434557
1.94872963877173
2.13902483539394
3.45449394446123
2.44553130072718
1.6987382997875
1.55643500528942
1.86561964534407
2.8221785526854
4.6465307319378
1.80527056467065
2.62418081256019
1.62673680706437
1.96869477728431
1.49911535998251
4.06461768727805
4.54351657437664
2.06717159795573
3.63428031469925
4.52080290188495
1.70761571542301
3.52287936001175
2.60900378462107
1.52465433014524
2.21085779398983
4.05460963809289
3.03667303289125
2.48203519477521
4.24256955348531
1.71055953809442
2.07336264396487
4.62367436601892
3.22386179228211
3.34010394201954
1.52131015559176
1.60359719246167
1.6108157695139
1.55186005349218
1.52165589761093
2.70314660995143
2.02341307289283
1.58239315740722
2.01665033812087
1.49943959225225
2.11083849399678
1.88969816878151
4.70822674924216
2.13422546398181
4.349871968014
