2.2917876608065
2.4584129276157
1.52560171986854
3.99360636112251
1.52648360800612
1.54383455974267
2.1706078511063
1.87489393104796
1.88092190345804
3.30223857770133
1.56745292316906
1.72750768980047
4.32590036538283
1.86113317241378
1.50642198462974
1.53977278758937
1.77190885812142
1.63204694880225
1.50157916995152
2.16255282797442
1.50433633077608
1.50710031611405
4.18278039324819
1.78619134225948
2.29114265976292
1.93881721892688
2.78924592151205
1.49896244291157
1.59802196187529
3.11927795660695
3.75664222685647
3.3386554138068
3.77135747804556
2.94857298119318
1.53192105314968
3.10582518624908
1.56675787890063
1.51629880924043
1.50312217869766
1.78910165825282
1.68648715381262
1.65651383330432
3.09791223614372
1.87437514745523
2.86191089596525
2.00976156263556
1.58770739032156
1.62599905661345
4.70847819230571
1.57966822118094
1.50293675728294
3.67415047089892
1.64064458365866
1.50988290748071
2.86589123998386
2.48198569261593
3.98526758697895
2.95157635200916
4.68903439362399
1.79806674933704
1.61106186542598
1.55764570353207
2.40125211785581
3.16425412461731
1.55396937393051
4.70341350728888
1.93418510079598
2.35470645967115
2.23045191924568
3.29878694336496
3.45168970833722
2.30165533549906
2.41139721924414
2.08319502908287
1.90481412629856
4.58631087346164
1.49904603687384
1.50254352392148
1.5238789279473
1.56780744060282
1.66717010052605
4.66705439425516
3.89694300306056
1.56537044714453
2.00263398916711
1.97025937091005
2.13061269163372
4.03874942010957
1.64536363170277
1.58266018899602
3.77548100278066
1.84812398373734
1.51279064082564
2.24867124220423
1.50047733661865
1.91720880618496
1.76728727740406
1.50228761008826
1.61362634615379
1.62253552164881
1.60614091441934
2.0669945001583
1.78157072703702
3.3576271957956
4.1624961656931
2.71048827962172
1.89860035412062
1.6126202630505
3.02172522673377
1.50753209906113
1.51950087880912
2.86253820348809
2.05431396832022
2.1805254488249
1.68086470608298
2.20768116762409
4.52187437176195
1.90538324238822
1.62568686628598
2.8262862537024
1.51814779919586
3.83200271448191
2.70075443054422
1.50362008775803
3.62967898662163
2.05887731791366
2.49629885728116
2.67609670082629
1.51198844881922
1.67558389820328
3.22992912915334
3.89837937256609
1.50317766547897
2.27191769459038
2.3417055315796
3.70782801908581
2.27036705945481
1.70918890469952
3.8452610332652
1.60685212851302
4.06942290182255
2.97606799066492
1.6649630844586
4.40931696952043
1.64483634474608
3.94130499417021
3.94944283729998
2.56770958068455
1.62492799753025
2.79205522213098
2.21429953100853
2.99385063860672
4.70409254012017
2.36257096344217
3.03438260698308
2.43578126670474
2.04726651040808
2.21119464570342
4.33465693861621
1.68096598000158
2.01545097441482
1.5107022137307
3.80739967836472
1.84643904185145
2.22701008761728
1.63182103115929
1.56317608706102
4.66497381057185
3.24845387711736
1.8520381676757
2.30764270168422
3.85148120370352
4.15977539462892
3.25587369047348
1.76269429714741
3.4770885309153
4.63489754916789
2.8995788302288
1.54676344561246
1.49903807120854
4.18723346551572
1.54050287353111
1.99260568313217
2.70846692595176
2.2220495966389
1.91580172338082
3.73706970164738
3.88687983303801
1.73510133301339
1.74593358404267
4.26233489371473
2.09805891770877
2.48942556175213
2.17038494442109
4.70539771082674
2.34438126698104
2.94304305468769
4.06940417167836
3.21508334259492
1.54172091982295
2.24191843637205
3.34884273936982
1.50219049920921
2.47366090987212
1.98300797708023
3.86017664933802
1.60369289794812
2.51739173278003
1.50305884367133
1.52984039139939
1.68238822600558
4.28847637815016
4.34244170866594
1.69699945946318
1.50305968187278
1.71198376739516
2.15925260923873
1.51215944027812
1.7505303238437
2.07167394610723
1.5068086745815
1.82665487731456
1.75667204120576
1.6641089478104
3.74555184322679
4.61525347263673
1.86325206153811
1.72350949548984
2.07995156240885
2.31245624640557
1.9635446186429
1.5115320133932
1.6718473915311
2.33519993698212
2.2170416904252
4.69390971454572
1.50165949997812
2.35785363471167
1.54756537121663
1.52850428852718
4.44662037627558
2.23462523016332
1.50231059380168
2.29811166150749
2.12429278326183
1.50743249816134
3.00115203943364
3.20715533064879
1.62927778669492
2.08544735728854
2.59220863731921
2.65016618651526
3.76661082312428
3.28354464631878
3.20295800922535
1.65652368305245
1.53623737040696
2.46662994904519
1.70249016342991
1.61823604310718
2.70886026911413
3.77342922692041
2.92348526704078
2.52207083888589
4.22793821721335
1.67239939274468
2.91297812204713
1.66206833960397
1.75766743307125
2.04384423769759
1.5120053813822
1.81941193450891
1.53430333710701
1.53245739887887
3.62276392580637
4.39844274480904
2.64138769242248
1.84214476448093
1.5845606148979
3.45970369272089
1.60317118514236
2.68449025739101
1.61151912373816
3.88090691594605
1.85725873253888
1.59848985158301
1.49958227098235
2.08216364873242
1.65173073695201
