1.66099539707587
1.54798095891656
2.58375970556788
1.80630596962851
3.92428390924407
1.69096568860658
1.50808111991281
1.7792659136411
2.43045537406842
3.28632562060676
3.44034678800139
2.37785075662981
1.52033181731297
3.7234604688365
1.78865009431014
3.14200355293719
1.53785485670363
3.71619719334357
4.4275781985503
3.47244557174057
1.93817837502453
1.894967362959
1.69735294100895
1.80366477735035
2.82421146308467
1.51884413142447
1.67007410955144
1.55497839884341
3.60586337434762
4.62759749205342
1.6216012063929
1.52181193641102
2.94782979875565
1.57217520080076
3.3071469838355
1.90065217037498
2.28416372296753
1.71446393768127
1.88691157892376
1.761674532623
2.51323176795825
1.61330988324657
3.20808905436653
1.74601657334291
1.86338963875013
1.59365357276937
2.23597684438968
1.61377149013182
1.51363002081044
4.26556497887103
2.05094149340205
2.66461317202865
2.96231354105968
1.51373730903395
1.50342805212582
1.74015819246316
1.50058273599185
1.6304104433971
1.65837622696086
2.63561370294819
2.35401661323864
2.49153020739368
3.93570721138797
1.74318356769248
3.82764967861249
2.11175345442266
1.56073718743566
1.67820909377095
2.36029986128473
1.82791457417924
3.14915827939206
1.54799918791453
4.53160579181818
1.5174415907885
1.56431171726749
1.64283164646066
3.87593097245625
4.59053002399112
1.89307693752283
2.48256747590129
3.17011731254779
1.51336452188205
1.67457381920878
1.54091530717487
3.65634869091667
4.04970711831093
1.56572650041931
4.6877670666501
2.45101917885905
2.03685737665014
2.202225289848
3.00752572564971
4.70629735808051
2.61175484287217
1.57249836948325
1.85087859099881
2.69277344207696
2.33183253302181
1.82581316110671
4.51744722744746
1.77866217787617
4.70529792940408
4.67468394257491
3.32975247846718
2.27507204900567
3.32535948836141
1.60514877180685
1.51403929252325
1.70273814808713
2.03654595602193
1.52831898489513
2.82980667490131
1.66341305797391
2.18681563189763
2.86685394385554
1.87033010252229
2.02939666988447
4.20596144741274
1.50885402243854
2.38283477974034
1.5306709694077
1.77036890913839
4.11081791687011
1.51467978764001
3.28418108810431
1.69305233037895
1.88385069307409
3.39895404340974
2.29868773522951
4.6145878145965
2.54135527176426
2.83833987015895
1.66140736261137
2.69539376773688
4.57506314641643
1.75514286747764
3.23859428384819
2.63139689462491
3.13181464794212
1.65702787327314
1.51585129411399
4.63603687848915
1.6949799773637
4.69922881133893
1.59995134731777
2.65631791819633
2.03434702339967
1.49898071947891
1.52640083797707
3.81865643941023
1.79075592672495
3.82175061198458
3.34795780233058
2.4764802987911
1.5097469864508
2.06443495414239
2.5052268282442
1.50224874876062
1.50073487148513
3.51337419802271
1.52664472673254
3.17626599865219
4.66808689880769
1.6156148621582
1.5042819134078
1.50508456240814
1.50654734325175
2.48708847211459
1.50736335856721
1.56497663450728
1.70953130076747
2.07079224300644
4.49475987938246
4.63418334209501
4.53231666656403
2.86248068814535
1.79897427559236
1.49912877292687
1.93498650032577
4.44351302199661
1.51649422294807
4.62883235411902
2.4955508222419
3.96161971864616
1.51423157606298
1.49903181336946
2.40109940716626
1.73645403379696
3.26127448588489
1.70143692016872
1.50160288722579
3.05651629475606
3.95267300535948
3.77767660988704
3.87219217842861
1.64442122570598
3.22170399323845
3.9901435908423
1.5025422332355
1.56190014805482
2.77020232943767
4.47183212403709
1.60944754783652
1.49898324926191
2.05834315068052
1.49976675089595
4.22269363754662
2.43261897676401
2.9644635252346
1.56720453701364
4.67186055707326
1.87763221102429
1.72372501849301
1.52481546206121
1.67984887558522
1.54715111603015
2.43856464463514
4.09025279903565
1.51921533578201
1.99820851363991
1.61660982750413
1.91112513282698
2.18996536677935
1.98914016089784
2.09989635505589
1.52177072086174
1.60107590659382
2.46413115971425
1.5054928656729
2.7942188095486
4.24612592018489
1.57663996256689
2.50213337662874
3.02276088947292
2.43031934947297
1.52700290470847
1.89852319017154
1.59389119352181
1.5223867489301
2.89040735073923
2.41529046509758
1.81134761199025
2.40028462427428
1.57768671129582
1.83834222858613
4.70515128292076
1.50134582692927
1.59967453674124
3.37877884012397
2.24164737660596
1.49978809914938
4.27053307676793
1.73245711007493
2.55583640799847
1.50045670835207
2.78197492460977
3.71430686477532
2.275405346838
1.50780606407552
2.38062794093805
2.29897703314223
1.652710152167
3.0254171443539
1.72393894657546
1.78043822240629
3.85984604194421
4.41408232500799
1.8966216186066
3.11332898756441
4.15867097472614
1.56535943275497
4.59497566064142
2.16491853555629
1.4992588452319
4.70828267718619
3.31323736193181
1.59248280483758
1.79562917818537
4.13945035346196
1.8358112296731
3.4811671536927
3.4834758924514
4.66483802433251
1.5226236047617
1.52777581388948
1.70436715357764
4.03544483003783
3.71208060420109
4.07162408807155
