1.6772941114057
4.67841561602835
4.10584256844823
1.50704089978972
3.15389034170539
4.45025022581916
4.09007034498621
4.67792255565566
2.66440823905989
1.59278811232824
1.75451540935447
3.63542827927812
1.63062097957512
1.59921223778027
1.58331390349262
2.01232687862971
1.51938105961528
3.82567282657638
4.6131292172932
2.95851790852517
1.94398518024899
2.07618035061512
3.11047871818074
4.59820221059402
1.70299450522079
1.89379083751673
3.64170768563914
1.66214524859846
1.74710218301059
1.94982254081464
1.50467589063903
2.13623570221704
2.72050120256433
1.60567982868285
3.3696491097898
4.66060477694299
2.09749492046723
4.70421779126961
1.59689955439429
1.50574272472181
3.67787374643998
1.71118197527841
3.47980187472998
1.57741489713956
2.05484252939691
1.5615083114136
1.49991577188101
3.39300678416084
4.53620548194475
1.81561011948372
3.40864759700426
2.88090730543722
4.47071184900897
2.62509481496097
3.03041215081369
1.50256103961043
4.1414563850169
4.6743370485876
1.95873363701587
1.60751734173029
4.08501966427904
1.52971860188372
3.24679957208341
1.50156377528711
3.37878377122245
1.86254255536819
1.82586341711037
4.57427324554297
3.64350741732667
4.46503970032201
3.72578383826373
2.01022799596864
1.93932957637111
2.04133723768198
1.50746375787884
2.4598860771316
1.68013661487946
3.12426615691875
2.39642683053335
3.85194789527855
1.72105306445
2.0576955183024
2.3837455183887
1.50245093585941
1.50901501527472
4.66434270010771
4.62075691159127
1.60395276458883
4.70682701838219
2.38772986557891
2.01521651543654
2.20600431982645
3.13503073791766
4.60129646209287
2.17599200794277
1.4991817594726
3.04801096112587
1.56729294188631
2.8361824094348
2.42792281487641
1.59666890584294
1.51219486009328
3.63541134944891
1.58405125347194
1.56162077046015
3.08236056972749
1.5666086324592
1.61716746494671
4.67700426842751
1.50482833740367
4.27104406958424
4.52513082515733
1.50074259032988
2.91557277581611
1.60632659432775
1.73649452290756
4.70229959637549
1.82320123601243
2.14481706412746
1.50272505333646
1.81653319917782
1.52632317673244
1.82307438691937
2.11375277612024
1.5947292232056
2.50661469680731
2.18042085917323
2.29215549718078
2.68871887803492
1.50200420602396
1.52085854242165
2.30040344618657
1.56110401644299
1.63648617060017
1.49899961040077
1.55225206607481
1.49954505463915
2.3594462797725
3.16856888207973
4.42991809967485
2.73520003584946
3.89947927062376
1.57745432231369
1.90036871393325
1.73397620622575
3.03557604744453
3.80259655904991
1.5098989093886
3.19690450375671
1.50837174959279
1.62860241586967
1.99516076992095
3.05990998712261
3.26618845019415
4.6387343353392
2.76077554489442
2.47804716726957
1.80811148194583
3.13047854077713
2.47796140727031
1.60607770985979
2.31386189710761
1.76823801005021
2.95521301697459
1.50151750998288
1.50700251975792
1.50186963800441
1.50178792047336
1.7634795717468
2.06584754339829
1.94805643009412
2.99615731835933
2.8969759685239
2.5948097703084
4.65513280158116
1.92949756835137
1.66085322341848
3.35155903187799
1.62971714031007
2.04601198879245
4.41259476252522
2.50856146652289
3.20786498615671
2.2299944134842
3.49888505051356
4.35155254825483
2.04644123668126
2.66646946479102
1.5549566709477
1.66628622269589
4.08423439304504
2.51315382341043
3.05517134750276
2.37902969281901
2.06589937377507
1.49916141074407
2.10538220613917
1.76528440346871
2.94554730877407
2.97798266893784
2.6553174526523
1.69373115479135
1.79496446995286
1.52995301216104
1.87989692637137
2.54523647975171
1.56816012636187
3.6539905747141
1.50371739721797
1.66980391776803
2.58931801881801
1.5960790658077
1.79626929335947
2.62122657719991
2.44892246484165
2.77242402430468
1.50571605743706
1.50794446852035
2.09363390916684
1.51955302689966
1.74123910502677
1.50772178480789
1.57545912996015
1.50121931433749
2.07870479312855
4.39771568931731
3.82750844597972
4.68965080898262
3.61930646037039
2.10036512805523
1.57242748961643
1.63020702438946
4.44441456820344
2.21125000390545
4.36815311073948
3.63595583908628
4.67440075821012
1.50139688443509
2.61390398466833
2.06445286734081
4.21696842865724
1.52537543741717
4.20367010223695
2.34963030187207
3.98829637954718
3.43472926566852
2.87851470450593
1.54602020107405
2.9654440331718
1.49896259177767
1.79156748911683
3.40790436516363
1.97192414373499
3.96427557718691
4.40266200052583
1.82210257217285
4.59013914640166
3.67891683739349
4.44144770270043
1.83634826473933
1.62407782619843
4.4600027509042
1.49966135041487
4.7074046389158
1.5406849632921
1.93779445738873
3.28134170045371
2.5097216520765
1.51321635893831
1.7780752453038
1.53523713987831
1.50703443461782
3.15010810794221
1.78623341883713
1.66199608421612
1.94210833744835
1.63246867328996
1.7094184220084
1.54390584211162
1.57508661886825
4.65947970344868
4.58907520602241
2.75121322681032
3.0865516381641
1.66296756108401
1.53389332791114
2.82405966858808
1.49954351296578
3.06910725241614
