1.52927821232734
4.69852760420487
1.72077383733158
1.68636679109897
2.11092032574221
1.81756796312522
3.28207990309054
4.34095919597737
3.32075035482648
3.06760804924821
1.5146538444978
1.51297460596603
3.69930532657923
1.95077407015215
2.74129952922481
4.69924553032885
3.33534648104224
1.50045344395234
1.56394707888276
1.93736213133727
1.78836879868918
1.80778988840486
1.76253967261743
1.50805310774242
2.1470282162258
1.54074838685781
3.29061074565623
1.54097464719683
3.45783502911495
1.97804918082736
4.07122580672964
1.8762733965363
1.62336639467499
2.27536737580849
2.76404260451248
4.22246606575527
3.53154778443354
3.31603818605376
4.27958293157077
2.40298434309
4.11936081371397
3.88397682986345
2.22600838491945
2.69383334076515
1.81468715986781
3.91167851521373
4.05155242750359
4.54943741379712
2.96246761175695
1.77316691715985
4.6655980180713
1.79196559274037
3.74591672771161
3.66248059891691
4.08170495772188
3.82730193362573
1.64273285258953
3.24529076483894
1.51322321212021
2.65796163798093
2.72036024060247
1.69960157429583
1.49910821888798
2.36207884564076
1.72918176521403
2.17432641549969
1.50464387221645
1.69689606574603
1.75465428691865
1.61764120708133
1.50311966678924
1.59901002386163
2.40994383709968
4.04214936336103
1.54261425339787
3.88997903675345
1.65951793991285
1.7099125266509
3.76152780039902
4.70383299422565
1.50712496716056
2.68920407196229
4.07891769857337
1.62017171171108
4.12369918755268
4.55084937020792
1.70748450855168
2.01029661562468
4.3311271654096
4.62306877247165
1.83504528407224
1.85927659265883
4.5086906041143
2.07783028057807
2.27884256214779
2.02666918248179
1.74954256388783
2.70074579312598
4.10467634391286
1.7680951092743
3.7670143888752
1.56566207888876
1.58299916474051
1.49952614896774
1.60159778411476
1.58736587637639
2.50674840060502
1.57920636413683
1.53772886056666
1.73089584804999
1.51819727069945
1.509619134251
2.36289076825617
4.69456127633539
1.52961035967394
1.50669216986733
1.81478852007967
1.67507896785617
2.92838826923886
1.67160085607374
3.14287114827127
1.67910685884007
1.66180428289825
1.5003652769
1.51077050941488
2.38485370846046
2.39674097394334
1.9920189597267
1.64520458013711
4.68770296305079
4.63080115329573
1.67507226881881
1.69589098845325
1.7159582319827
3.99232740423763
1.52581805606431
3.19680603302106
2.0575815728858
4.03052989814384
2.56233030020999
2.06291599347215
3.85072894343159
4.66083487871007
1.7253022253286
1.72787863828045
3.52881710982311
2.92132750666524
1.55492906680364
1.53167584428015
2.47292182500915
1.50242068369385
1.69865311348136
1.71825632833879
1.55570134303389
1.5138146058978
1.90449507788262
4.15688034808911
2.24386780569595
1.52656709145371
4.4014283137649
1.81201839156486
1.60220412022197
3.29024156336204
1.57624881812417
3.34624824392141
3.17086423669102
1.86360490208521
1.52347031968566
1.55251325078497
4.68153414144137
4.43092466752427
1.88996413207033
1.49900116113886
1.50402045192935
4.0515848112138
1.61884069242585
1.88096404791295
1.56687277904257
1.834378043173
4.2510561612491
1.52366302153136
1.49915840758267
1.50124475130564
1.84388668924771
1.51169488584536
1.68734628555312
1.50850129187716
1.86150013790086
2.45790885284625
1.51271723461306
2.04262290529747
2.30424729052488
1.83684767184928
1.54815244076601
4.60893436441138
1.59361956782651
4.43315851778193
1.66187764754818
1.8986112969128
1.53189128407451
1.83001393414219
1.80660340383303
4.69851073190095
2.15967716615515
4.37279593763125
2.39129399428122
1.59232618706997
1.79852742744188
2.51115674105628
1.63625832717514
1.76255269773245
2.66049763519714
2.86072996754944
4.63078215307065
4.68710358885859
1.52875883280055
4.55035667621573
1.50899322434022
1.5335712294123
1.63219571057652
2.37246672702087
1.68546020548243
4.1719952766969
1.55749346019134
2.46328779610812
4.19507169817187
1.54892567671752
1.50945732004342
1.60553386509122
1.70205839444897
1.500060140294
4.62918394040501
4.11579134351232
1.50131738280357
1.81176398140111
1.76000740910976
1.49908296372161
2.26505024585511
2.71248016401767
1.5368223528457
4.51998703529865
1.50653732625161
3.41532523022097
2.17074747818952
1.57376242279641
1.66822357170011
4.70401725374426
2.04619861011282
4.66642327073438
3.5972466640572
1.53875597533203
2.56810206454745
2.9662917675184
2.61752881536796
1.91230194075092
1.57886702349736
1.5506030861987
1.52983874655147
3.43096428077475
1.90433612588412
1.65194557672652
1.60060352078275
1.62525255105257
3.35520899746064
1.49985639142711
1.51209240967134
1.73619869465825
2.48385972910784
1.50369815835428
1.51626901749442
2.172964900466
1.50159294898909
2.73599187209253
4.02064511974076
1.62854037191084
1.99104836896371
1.73485100710694
2.11992489330941
1.58630519944522
2.38965006792952
4.21152435403695
1.60545732466084
1.53197631403911
4.39284950668347
2.34506188836415
1.51651257192562
2.36101173685207
2.7516593443623
2.30492207059946
