1.49897798518882
3.70420247374682
1.61271510100955
1.54516908426167
4.2186961493909
1.84535282295315
3.01348768661267
1.50193317414971
4.52118336349124
3.78986037700456
3.87385570177867
3.16956285920333
1.95524448806887
1.56007075927296
1.65036962456
1.71220825782263
2.43702352223806
1.51189071192811
1.61483723725046
1.82043390873707
4.0435560470287
3.56154385509565
2.4719233179278
1.91070307909211
3.13425941087485
2.14349843528227
3.82577697741655
1.51939595191314
1.87852351757595
4.69670558152539
4.67650735682544
1.7202081676351
1.51203764717487
1.97083742019849
3.9308370373631
1.54004767133862
1.59408854524957
3.5602161141248
1.73669711760843
1.74299593817526
2.29478107288548
1.84542239805708
2.32181179771303
4.44253348153032
1.53247225441506
2.86510855862336
3.54101417181133
2.01854003096064
1.53626997564467
1.53099691285943
4.05567839815818
1.58262387596258
1.66886975433095
1.50863521316416
1.52525146440771
1.85779454861004
1.76655173100469
1.92503248534872
1.99350710835818
1.5122433216034
1.7867452664773
2.42151466385686
1.67475005876965
3.52235025206131
4.67626379657714
1.80441392943621
3.02846026857143
1.64723807170407
1.52755785127186
1.55060543191912
1.73947309046698
2.57839613224438
4.49487444518314
1.77128302019125
1.76759863949097
2.22480501291756
4.27717011946923
4.53151548611703
1.63119817170072
2.09294166148008
1.83810144291783
3.69758340771648
4.70809084049899
3.00718191124397
1.5008854088053
2.05993962879551
1.5889898813796
2.43714876143419
3.99195479360018
1.59715826936137
1.87804437053889
1.62480814579855
1.63209153489183
4.65353789164762
3.96418379233274
3.43685129656439
1.53043588956559
1.59115852633128
1.81888650997445
1.49947979478717
1.61050115921875
2.02015251000921
1.49899406118054
1.49899663169853
1.613669926638
1.96338967240832
2.26915898053173
1.57994546809868
3.33271578137791
1.77635412094069
2.06150052040899
1.84569936349502
4.36020729999213
3.45611494484926
4.21956468060581
1.49910223186207
4.61379927353732
2.14249245827957
1.85115640925552
3.87456438687151
3.74224843788983
2.77630347360351
1.50270894008659
1.54478243338877
1.83038350127224
1.91289052412831
1.65301584301625
2.40856913521593
1.97495892196169
2.35210808421021
1.67042182727489
4.5019523147981
1.54200748931163
1.81372420537177
1.499881279066
1.5209904547153
1.52191637113005
2.04144850172094
1.63450505310885
1.68506342429714
3.56902369409771
3.17690322881713
1.61393540542867
2.44259044548962
2.89569067220629
3.97344114037881
2.43369978026378
2.11891211761272
2.32300697052076
1.58067877711742
1.64813724742766
1.63983828863616
1.51711154943123
3.17983846129614
1.78291557402171
2.39025455069844
1.6107666085494
4.66857029402517
2.01918964974594
1.59660707188428
1.71609130061808
4.6037432318875
1.59311734916658
1.75924444355429
1.81202487612806
1.53984525726516
1.69775631600233
1.85785498519503
3.36430669785612
1.59235832940465
1.59651705094879
3.55360977649065
1.98474434901448
1.52446202773416
2.30440697542306
1.81815415788118
1.51884777043406
1.61551619222071
2.20886721551592
1.60597609257497
2.71667191746648
2.8990183580991
3.54496562192407
2.24812898027407
2.95221705873226
1.78024871970767
1.68733695167178
1.52908170847431
1.56780651958699
1.51026792059052
1.60630218313016
1.82032103831704
1.7857328104323
4.53524438914679
1.50284572187891
2.07377079961049
3.7343444189451
3.46433707409488
1.59633683763108
1.64980376514109
1.58539374989575
2.00093225448448
1.65145568055798
4.50836316956372
1.597460122753
4.70544646792229
1.49937594452746
1.49907879342557
1.58148362485548
1.5196445695572
1.63364014985053
2.52708724451528
1.64057567030995
1.97221900521103
2.17844918056215
1.54589823325251
1.70464368372111
2.28356495972868
1.93937987721369
1.59019054562699
1.52658101537016
1.78326366542888
1.53988666029441
3.09808685193302
1.84163499540223
3.41691355164593
3.61947364546592
1.5053401816451
4.24769400372058
1.69013161580285
2.91664880933481
1.69002916499754
3.12709160882648
1.60355597692562
4.70716073005954
3.35578600746998
4.68927182348931
2.12952944085766
1.53118223418962
4.60491351262745
1.52259300394601
4.42502196536258
1.5188131962968
2.00814988095749
3.44383489206391
2.66005472443632
1.50031030095256
2.0417492472025
1.50757723858412
1.84385631834449
2.87887977728153
1.75395110488322
2.5771113148719
1.53430214450626
1.9586519680231
1.5041227932066
2.69787110827161
2.93685184175024
3.11912478050685
1.51205286019157
2.99121059944117
1.59351829642985
1.82296007791645
3.44322190580119
1.49898723509817
1.53962583035936
4.6753411964795
1.50546405467447
1.5700202560563
4.11690776709356
1.50062491754324
1.49954676987044
2.09187160839014
3.0119369566328
1.52320019272012
3.59179329587347
1.53079683296627
4.07087379999999
1.54998003353357
1.57014978314501
1.82123304934832
1.49964357451977
1.5170076290814
1.5006395408512
3.18052624699068
1.69607033436259
1.51883241475528
2.39929126865833
4.60003349747573
