1.84835355433643
1.57683952624519
1.83201774939405
1.78496222497881
1.87789408789644
1.96299090277793
2.33349227418641
1.56706292951147
1.85220399082734
4.57379069610232
4.69939748946984
1.60144300080819
1.58779335153789
2.10897254525619
2.81019163436337
1.60984074365808
2.66076573836066
2.20048439039474
1.49908187099531
1.60084872974274
1.53353848578445
2.09830108608136
1.63787632277385
3.04993413991761
3.15626785162013
4.31337015542549
1.82040249465842
1.49938403411185
1.74869193737074
1.65931843683638
2.13584716582132
1.5315874154625
4.64392007322227
3.88436571390745
1.51704428191545
1.82119767717216
1.52290403389125
2.01564213183608
1.9222135906614
1.50524397355623
4.0756131152543
3.45157098573155
2.51514796564264
3.30360977054265
2.59056034778499
1.56598378322091
2.32038773038729
4.50436719145739
3.655441441899
4.26331099967526
4.00695225588191
1.54849941299682
2.08640311798848
1.68921491792051
1.49898713818685
1.55280263016183
4.26343594176727
3.64067773452485
2.29591462097937
3.65212034474852
1.52714597112076
4.35194814260484
1.62066145038599
1.56096412885993
2.38859088830229
1.71569327537512
1.95388263054967
2.41694008789692
1.6809936427751
2.96644283688633
4.67987420826887
2.35292794635569
1.65296109993555
1.50343807995769
2.37444677282792
2.01859837304079
1.56212074332613
2.78621549902467
2.80304355822202
1.64286983618331
1.49949504129265
1.60577443967836
1.83014467052805
2.01696515333325
1.90656501983485
1.56295399783563
1.78504972381533
2.21872161485461
4.18695857801678
1.76867366832235
3.50100862916642
1.51245409100161
2.30577465688659
4.6938546660958
1.65149508929622
4.64675178199387
2.35339259185796
3.37062448701901
4.50729858018863
4.63641358537629
1.49956446541055
1.80653368382143
2.96702192465449
1.86251561687678
1.98869699002296
3.72601108528173
3.76161352538066
1.53575474161099
3.36896528250123
1.59466875753273
1.58152919759281
1.9026779762374
1.56860362972859
2.97472594275295
2.90645251605887
4.32649348833869
2.38905421812777
2.41330396642727
1.64105882041556
2.83228427107153
1.78514312008669
1.85327991340767
4.44672642070564
1.65542296075074
1.63729583142579
1.78203248508762
2.08030716301249
1.55594695133132
1.66949493230967
3.43962703917581
1.51063467956286
4.62835287827635
1.5749807226298
2.36897796622662
4.41919183975637
1.51510755535306
1.65232123185569
3.64558824896982
1.57313740764342
3.89868898895451
1.6884593129596
1.81296941554216
1.50162683626446
1.53215774120809
1.95699025415845
1.95588366356389
1.85567497438842
4.11939014079056
1.7386723367329
2.49259633403223
1.74844497519461
1.55351257581167
1.5396906523516
1.59410874017041
4.66845734125568
1.64552299150331
1.53208824362487
1.50142334655414
4.3849856035153
3.24791106056466
2.68578230890759
1.79398247095076
1.54108371370896
1.89587609802091
2.1945590687337
2.16688676346541
1.89359976568914
1.59809221024394
1.51816564098095
2.5732673890848
2.00931908522914
3.29732636782556
2.46388038885347
3.09640159755301
3.87685525135269
1.69186178506251
1.49903436707749
1.51855439261121
1.72081039379979
4.50525852999088
2.52650165849537
2.02560776093503
1.50421742660346
3.32201344959989
1.54080963271948
2.76291550020331
4.42255004656762
2.34753249621025
2.77550678977516
2.28063861813235
1.54979209110609
1.79502028534725
1.75514508687888
3.968912297311
2.33094287883057
2.13612519971479
1.87566372376162
1.62632136198672
1.66239147478216
2.05814676738189
1.80287906943035
3.34485550533571
2.94166441175223
1.64060425839424
4.70843400845092
2.46251694361576
1.73787220111256
2.45200907822373
3.90487661752281
1.49903040666327
1.50018525773768
1.49969297169529
3.45546971288401
3.7222322798718
1.5072581774108
1.52291466215033
1.56077962569491
2.01601742443109
2.90000666006636
3.2591957467159
3.31051754728749
1.51905237763493
1.5046656434497
4.69703862968433
1.50640041852983
2.12058420225252
1.59639185202822
4.21206117888682
1.50397496807353
1.69171191106967
1.64407126572813
2.00615826568837
2.04545043256864
1.57775689602233
1.52617580361809
1.57892496347842
3.08574147696376
2.33224844014942
4.60118337519396
2.16442091869686
1.60501810198888
1.87841474915031
2.31786580012626
2.36412977908562
2.42028696473953
2.91518706396736
1.94887114066622
2.02545420838253
2.87708457124338
4.64557915687062
2.23239069388454
1.52139484451412
1.8498246439238
4.26956550770991
1.49903274967479
3.33318252714461
4.37268595986137
3.06558435501585
1.89083755817958
2.862714198524
1.67900621824898
1.91038797991003
2.92002894610299
1.55649375633974
1.66822583803736
2.05030686065436
1.53957413503671
3.14431109733312
1.59328758779184
1.67348350230449
4.60608102097011
1.77549820247406
1.62724114181642
2.82285769188275
1.50792183338592
3.23141640077534
2.26083349517402
2.76179110205439
1.85061974894722
4.45072155460778
1.50816173462973
1.60893761260599
2.77022651107277
1.70613268121381
2.25199602789055
3.08966866020347
1.84544762609196
3.18514800000476
1.49899682070697
