1.50302497563175
1.95914976900233
1.51074518545273
1.58146041906139
1.86134354704212
3.21775649892349
3.82195083717253
3.00721166070685
2.0863574711859
4.33822013326813
4.69961177782586
4.17373631085596
2.67453925189102
4.56440816498665
1.79693916624142
1.69659731541661
2.26160657829801
1.7386518724665
1.53604106832907
2.42841479474408
2.28490724852199
4.6915361533597
1.51650549188005
1.86552183101809
1.55871380355964
3.34622072465323
1.56797749460264
2.85639748928124
4.42657421980935
1.49976474872946
2.54736150925524
1.50520944329826
2.56599202293294
1.82360365518519
1.52442846280635
2.8469048337549
4.42614349228153
1.53004039799522
3.27204622551236
1.52810996504414
1.63133098359407
3.58752182877914
1.64960997115019
2.15316263239401
4.69816041760473
1.7513142625254
1.51336973779026
1.75707080225871
2.0639050028488
1.76553941968482
4.39603974079915
1.50422563650231
2.50610814240641
3.67690640044863
1.99677819433599
2.35267102232925
3.586256605305
2.41472331831092
2.40119757990194
1.95655915550536
1.55853915521253
1.89296729023347
2.77579451098068
3.32891798920927
4.39261296530536
4.61760558537368
1.54005787983223
3.08772292601603
3.10500077045674
1.50299803902765
2.03593011484346
1.51273636666847
1.79171568570737
4.27060889623877
1.51811391245141
1.86829049281003
1.73094543567522
3.10726263637792
2.66079949511645
1.52631792054702
4.55368088873258
3.83022711303546
3.59121657389964
1.58431201515524
1.60669076350523
1.49911134305602
2.16569949800951
3.83884902680807
1.56688428472845
1.60912145533051
4.64355985157012
2.52481643694763
1.50583302982826
2.27799373222425
1.79266219770099
4.68240063788033
1.50501903877832
3.93466081133982
1.50299906052205
1.57965070040766
1.65125325007431
1.59754279574568
1.72230989257864
1.54580548266916
2.78988870232985
1.56068095175451
1.64105847266454
4.68010097094296
1.65541665849813
1.64620636996275
4.68842505815221
2.26768703982747
4.4251238063363
2.4675833909379
2.39964741096868
2.05977904284307
4.24405078579042
1.83703465802353
1.77288296190715
4.34062120002848
2.02467899049735
2.40149693272551
2.05999885253036
2.56659577332438
1.89195119566863
4.63600376837703
2.39233154026284
1.60325734228197
1.84806632467442
1.69933586612934
1.58321920590678
4.59618131817543
1.58930387505417
1.61465162127863
3.55028973922756
1.60795082641176
2.34999840603705
1.50819235690664
1.52190036637975
1.53141044816009
1.72313995640733
1.5441140904295
3.26477922008004
3.63377341010996
1.72634188484046
1.62274531959925
2.51399707628423
1.79672371254919
4.07149338573343
1.85852738397839
1.51769073408704
4.25456709925358
1.76757649480823
4.69179803484536
3.80295359296419
2.49108254395867
1.50536951384967
1.62325061393051
4.01836133868671
1.50123019910372
1.94682517774542
1.51332069025777
1.5591622529644
1.74619179204886
3.58203289502388
3.261015824143
4.39251420758372
2.51337412046899
2.65124320191087
1.70574904353166
4.70000779050421
2.74735978484524
2.70207039871552
1.64333083217043
3.30787713681181
2.23466466796338
2.08046151510834
1.54058637117235
2.67683552574704
1.59415456568055
1.49902811850921
3.80220819442323
3.75774657198492
1.55295073475572
1.66375834016357
1.68702657572465
2.61571325360579
1.8738355595447
2.86848964658074
3.1309192468526
4.08679439024955
2.22891659476265
3.04031951284699
1.63966471575191
1.50804942496626
4.6822076725129
1.55090751170413
2.25774399330721
2.10309326395395
1.52576903965682
1.52453661231081
1.51844929628532
1.62799362087665
1.52070004275712
2.18823881911817
1.50017375739646
1.51196490158617
1.61261627252678
4.69818683210189
1.56853067524773
1.51963523804429
4.61430598336026
2.17035940999073
1.51799675561832
4.45753582613186
1.56961274243773
4.70753334258814
1.65283382638554
4.41205400461396
1.74266056447008
4.19692136796599
1.51195602533466
2.17161774737471
2.08089175262602
4.40468690134255
1.63828200044966
1.63377082678762
2.30503308766151
4.39873011113006
4.5217307764051
1.68141743228989
2.78161291755185
1.68282559770628
3.74696362186367
1.69499802543781
1.72373409427214
1.54958629363818
2.23452836460017
1.52317155122594
1.4994997023568
2.34472919435726
2.69117755119676
3.29054740847861
2.73261677867383
1.5139636516612
3.35516971640853
2.6203254181615
4.41419427350062
2.21837137365933
3.54511311869107
1.52721255737684
4.58823886633163
1.72684604625925
2.1686851588055
1.50480441751957
1.50393532566782
4.32743211269766
3.36058135183263
2.14874194803931
3.62557808497811
3.64214589863534
2.23516344776623
2.45914994653329
1.90079949385908
4.45345072690301
1.52542171268431
1.52731373958208
4.62241058136927
4.68873812580595
1.50991283317712
2.00417379347786
1.77571188804129
1.50859499573024
2.76436074222099
2.97424658625587
1.81065246356329
2.15239176843643
2.3790382311257
3.7286907499296
1.52544609343412
2.06658547854899
2.34570290911192
2.53462824637307
4.44771727507577
1.64274614910274
2.77654312462206
1.49949819258011
1.50255463589614
1.56747733845289
