1.5881551390571
1.86778825806073
1.54448248364117
1.94217581676657
3.39127003382336
3.17065406574132
1.59145249076311
1.53580241664182
2.53893028182634
1.55193082891101
4.46407370416506
1.52075722921561
2.79399294537352
2.35241397721559
1.74580068242663
1.75587089013239
1.89978122615274
1.49923834510325
1.54668697323025
4.54731063042786
1.65405990192586
1.59506357643418
3.50934125731662
1.50914576495768
1.53840394681674
3.79068390528811
3.05806479014934
2.47822244829723
1.99669834912559
1.52536855678492
3.14973827438229
1.65579622109519
2.81983181559322
1.51978569070228
1.53107439606561
1.76469070548881
1.79255590958747
1.62653889933241
1.5122918107717
1.85395170764944
3.11348775365033
1.70626268518611
2.38066318608999
4.69955791179118
3.87943190406201
1.84572374803674
2.07153178236545
4.7011502706571
1.76757923504695
1.5092955938731
4.50558608690472
2.78404569874439
1.95654236608302
1.96546064392239
4.3731378285645
1.80814016612094
2.79323545208118
3.47633264824004
4.13656310547063
1.70425910848364
1.50332069735356
2.07416881244845
3.82347223991505
1.63909141218445
1.50510922979171
1.6587916711469
1.82783756862466
2.3088373317319
1.51438594617473
4.04646189442854
1.67450646626425
2.77478858754388
1.94746928947527
1.50835358932193
1.79863161939924
2.33332835189872
3.20108322339334
4.70654302370991
2.14233158168732
2.1362711373884
1.76233189153306
1.83430077537875
1.98526149809636
2.02001484834531
4.50776125637435
1.73878171317898
1.64733492144899
3.33503169858675
1.77658058082702
1.50633522049987
2.29567749892757
1.49959543947376
1.96507376630707
1.8526053896513
1.53264949174585
1.51118064584084
1.49906997202283
2.57432246226583
1.50592611977717
1.82477056799654
1.54057222858863
1.97346262282041
1.83218479609875
1.65520236472511
1.77452792156957
1.89865319187269
1.52481139717543
2.36658880801604
2.18591384080458
1.79105978897283
1.77868128356464
1.8149274212634
1.58647808768749
2.03497192636995
2.78355582939073
4.37571628319012
1.49935819358524
1.62188216023549
2.84069013110344
2.84928035533983
1.51332318068099
4.70871032785079
4.65107557789359
2.02891300222316
1.50908856584939
1.5503277734757
3.27346783154792
2.57263137601567
1.52972367775549
1.59593888559946
4.0096874821427
1.51509401132392
1.52565057636909
1.74642452859234
2.65260543284154
1.51097974027247
1.5248585901223
2.75580514465935
1.75118371480312
1.51317468356966
1.50971009657595
1.71388377381006
2.25467891205894
1.54131515981235
2.57067241417767
1.65211240831814
1.51907409751786
2.58108996982926
1.53586480117379
2.43753839271229
4.02481903089512
1.57141931929611
2.40626996105023
2.19260121494068
3.84326937493226
2.89844740677058
2.2860661323703
1.56120865189897
1.67719212706967
4.53226536089308
1.63808279168535
1.80936459279443
1.49917796211073
1.65638637539759
1.56493966306096
1.51455028441984
1.49945877290637
2.16692077180543
1.62927130433853
1.62913190626287
2.15079459286167
1.50253904341201
1.64651009263821
3.53838307459167
3.65083410885718
4.68337533207517
1.54907056847465
2.45629278208719
2.97269821533141
3.27568508478641
4.61763417370011
1.58053624246088
3.34657832790641
1.93897119829861
4.25975521317672
2.17449754955784
2.9148418295903
1.96000214767833
4.42167139543051
4.23575199349052
2.12995521820105
2.59187836396731
2.21512122865302
2.90153764098342
4.53630000071533
1.6591527468876
1.6039251739969
2.68991700769326
2.52208979224435
1.49897814864486
1.66271822781447
1.50501228560636
2.17515051399272
1.5984944264057
3.845204813566
1.65374237548794
2.95750585581128
1.50062028346155
1.98746805053497
3.71617391863569
2.43751855976372
2.22848357178991
1.55013907091431
2.11169080079846
1.50493136163183
1.60025942571096
4.65328171086185
4.70837850649478
3.68904959981451
3.2036050652736
4.54104340052454
2.69000922838091
3.49993369674271
3.14370976735847
1.82273617997698
4.7075290198119
1.62509545216857
1.54320321831583
2.083742207735
4.70750170448632
1.92007480825789
1.52193867688195
3.66497068508322
3.75033611760625
1.66904287904721
3.44903595760911
1.96524869219789
1.66235043753232
2.17137304206677
2.70540849427898
3.21334925763514
1.89442151149364
1.93003571598438
1.919774771113
1.80216836966334
1.62525001115701
1.59203283271168
2.21105914673401
2.38258517817932
2.60520684763462
4.65642099773549
4.46384665460335
1.50120458834858
1.98410381982163
4.61617058594253
1.50089709760538
1.49901163604493
1.91334254014232
4.66571149469242
4.10016372317458
2.0518587586703
3.26916271729498
1.87355833742573
2.21716663700858
2.03468445370358
1.51131380379323
1.5188926266859
2.50357721581969
1.7093127833192
4.02304736757172
3.98522756963025
1.88228074124068
4.23377601937942
3.80854043964881
2.32731521678298
2.34701331262305
2.03087394522287
3.50720836976443
3.40235430997433
2.18564379354038
2.67519909113937
2.49164631235008
1.7722857766904
2.09825847895298
1.71969006850538
2.7360713228816
1.5400488387244
1.76954377937487
4.63951349251201
