1.55316968093303
1.54817879591003
4.55019236790989
1.62993547694353
2.50555183949447
4.56237401032415
1.53724906867625
2.84208426814568
2.07787495186533
1.52181192713513
1.60895056106637
1.77888002841846
3.79118185585804
2.00836211926351
4.34354247045342
4.41915194373663
3.98919512038147
3.46598255851016
3.54815975961177
1.65201586490538
1.69493074542712
2.09180448044785
1.52670600232993
1.75732663736929
3.61832575315503
2.05083884626658
1.72339613270608
2.80524253040417
1.80007296257271
4.18149269620465
2.78036318275855
1.63511369179338
1.53525362325169
4.61277857213147
4.13974827375572
2.09091289100303
2.17078216371024
1.50669567233884
2.28707031258699
3.363505038513
1.54663171938499
1.68791586238742
1.49949821880058
2.65963098664607
1.50104923512221
1.54104061347167
1.55002175449411
1.64485474345247
3.2955331245829
1.50622664231833
1.5029823382637
2.25737068029456
1.73340361894304
3.77588418729465
1.53896636464512
1.71952162117561
1.49915865964771
2.04558293075759
2.00738923901623
2.56176002331505
1.79387691206055
1.49911327837045
2.01511117320994
1.64179612232308
1.6395126977068
3.58276966856862
4.48969832579878
1.59873210250234
1.70417147050621
3.54727772062665
3.10273861896711
3.24531497030602
1.67893749328689
1.5060143552345
1.50025247922002
1.61528834485882
3.03421805936179
2.11763787591054
2.49702296030454
2.15536972824979
1.61274307789008
1.65412328942048
1.51986264685707
1.61680176319958
2.78944743592771
1.55371494200972
1.82285250244382
1.68819017939328
1.60621545168228
3.16733100977099
1.52864070277983
1.60235054611236
2.24153241325631
1.87397109770373
1.50654257319306
1.83867712043525
1.58670952115695
3.26924944443038
1.56871757694388
3.96373427313926
1.85264890490908
3.67572278010692
2.03979934496973
1.87966287451807
1.5409789472914
1.80002491513728
2.39159766172284
1.58451202633757
1.49896235436432
1.55980073039637
3.09613935821128
1.51323152145654
1.79306455887175
2.68980856862594
1.55273029574027
4.57361393815455
1.56099680496435
1.89858157267705
4.43083184877185
2.44882202098512
2.68964194422493
1.81342532121703
1.49950313034819
4.51972557991207
3.77603792811591
1.49981438249077
2.16163057217096
2.56166594919867
1.6390639547289
2.72953985836302
1.97721672804275
2.13715793451162
1.51088008963764
4.6030654486601
3.31391640330107
1.7956284074673
3.0793710170864
4.22121081543889
1.4989777209397
2.60669106738519
1.60833764901333
1.55148148281864
2.4125189911851
3.89401303739311
2.45362164906687
4.5468172137205
1.93013579984049
3.82592888537842
2.18882195279725
1.74121250182462
1.51002954296927
4.03499721698871
3.61340150501558
2.67734835281821
1.51871536220924
1.49978655612301
4.67512232762414
1.57480298134658
4.56161657557968
1.76040365486529
1.77889625478073
1.63523410632322
1.6901973822601
1.77819765321858
2.73794404378494
2.48959028479997
4.1655030557326
2.28026507286566
1.74055821404807
4.63999146869381
3.95794498596189
1.94398492476929
1.53700110122272
1.58256876887018
4.57918542016036
2.20941369633581
3.07633442368585
3.71384727722665
1.84483494251503
4.30268925441187
3.16579220999087
4.12275034888708
1.4992076807463
2.35427752177256
2.3653345266653
1.50352350772609
2.10854431966439
1.60848823234721
4.67160930428316
2.18614256672846
3.82181565752519
1.70781690880308
3.67613942961679
1.53237147898293
2.34771254188591
1.76840426592844
3.92788506375458
2.33194813260203
2.50707865702078
4.14457917664174
4.38561879901446
3.55535137740855
2.23667526786559
2.52845508478278
2.70111851602277
4.11799921888132
1.75403008335298
1.5265490424415
1.51164990357069
1.50661859103277
2.57525567616258
1.49898550103453
1.88276149542221
1.66466796666858
1.50629653666762
1.68629844183448
1.51836827295135
4.49729396918129
3.7221326742547
4.65114746477303
2.84381933445307
3.2930970105256
1.8692039083163
2.09139472147224
4.32176084310025
1.6390954980102
1.49943923237131
2.15341943623363
1.67356627708386
1.60170372594367
2.56608136421365
1.9157471721506
3.70764064086459
1.66541486614368
2.50173508536646
1.55178836863978
3.68004138924663
4.02461403988582
1.74612918246617
4.31264910413375
1.97743189349952
1.50492405658703
3.9513904947342
2.42834660922363
2.31100883570117
1.52304989833965
2.11654831115667
3.82068276924878
2.90520925283895
1.56565077319641
3.71930002015635
2.18077160481754
1.61736262138608
3.69881614335188
1.73318301105239
1.49969364504359
4.70785539747214
1.86975073904299
2.08044858669908
3.07791029932702
4.12393643962277
2.10981509502335
1.52016674654141
1.51213887203448
1.50215488148971
2.596246450389
3.81812823044728
2.04091007238245
2.04255613868216
1.64466516449871
4.7013442202572
1.57628108402734
1.51877761127419
2.12595039317086
4.7005102935604
2.54332142105472
3.77693235520205
4.64264450612553
3.21610091652214
1.75181714238639
2.67572065731973
1.77252345301479
1.80332125552182
1.73279542084452
2.16425093452681
1.49953166394971
1.69102237609485
3.97160872961492
1.53458201861488
