1.50756928094531
3.33505143269259
1.76482533852951
1.54254315762034
2.13011974695908
1.77208716343926
1.49897138044262
1.50003786492324
4.58472618426688
1.71696053220992
1.80723902361837
1.55347834230831
1.85927759807993
2.87600991261985
3.96295042557536
1.53371499971904
1.53308007082469
1.96618338400463
2.51196377984392
1.54360614997731
2.28736585948714
1.73259503192727
3.33466128283263
4.60636643304837
2.42992872570647
1.68707254960225
1.71242305554508
2.8695536914471
3.98084327525922
3.76060119059219
2.51324192323742
1.61979088966165
1.73321630486358
2.86842739055804
2.52669267961805
2.22117768617218
3.28977251080025
3.54802352813465
1.88723799730399
1.6393342287109
1.83908627181513
2.14119996876832
1.67710527672035
2.48734904432908
2.82037404502117
1.66826270446377
1.51865953923773
1.50710925349938
4.39160817573498
2.4514614298416
1.54557838596954
4.03379222798943
4.51067968683877
4.68516637514042
2.46669757909338
3.08620669008501
1.55331118730922
2.97404847731169
1.57583771194381
1.51173323303711
4.19301885909998
4.50622591861728
4.66805838889452
1.5987548156918
1.50796321850278
2.74074436509805
1.7975637858613
1.49922769860011
1.62235039568014
1.50061302344706
1.51463918409149
2.97316212220838
1.74751240266796
1.56164196938268
1.88028247338785
2.90840984067134
1.54182688120088
4.70711926927109
2.27332659680854
1.6449564504947
3.71857371348622
1.64063666735741
1.52569679869679
3.91516921205246
1.98993319615901
1.50215917029427
3.54391437349033
1.51229150157135
3.47184867418341
2.08921353881761
1.62612936944088
4.5916477555907
4.37600267051523
1.86169285626415
1.72322198157071
2.82956907057583
1.52203496645741
1.51094279339522
1.52848289439874
1.56120274944187
2.74980264651017
1.76680183031656
2.00904435669043
2.80495824795192
2.66358910585538
1.52568255724029
3.41819265789312
1.8915186654602
4.07213377404018
1.51267078537249
2.32456937036322
3.17293876736693
2.61598537658329
1.7508341212497
1.51851418123124
3.2069770036985
1.74220464201085
3.42172088753517
1.69386287389857
1.7421732807115
4.57499020042828
2.27474848106636
3.71385661949932
4.58583326245434
2.01536632760708
1.55899813848599
2.6902644829959
2.43269143883242
1.73993290369207
2.69481250466284
3.24986401552928
4.34145688193596
1.52363572227087
1.75729592382426
1.75658603184413
2.6550028331126
1.53628295117526
2.02777072356465
3.15497150313933
2.83155911246849
1.91307253175062
1.86449332194839
1.5036722181304
4.17271061409269
1.69386876460329
1.85748787626154
1.54241781925433
1.63610666853629
1.90646116199379
3.07910674217768
2.57276293888988
1.50685755085229
1.58069343736034
2.33633224762839
2.65169172854964
3.28638334094805
1.60335597085277
4.41732548733855
1.88521193405069
1.49897423569973
3.31262514285831
1.49931904971372
3.58779113537933
1.96578593401401
1.55899707022457
3.73723607622219
2.52600343328776
1.52764606807438
1.51290935422702
2.25272177345119
2.36331247128187
2.08687602938756
1.99877378995081
4.69260217446315
1.64983863487946
1.5841033080957
3.67457111411367
3.75171857699891
3.25361984438193
2.17117096590163
4.62112624977129
3.1069273730865
1.54523125523808
1.60948855996566
1.50497450224738
3.86834513745084
1.59603915091625
1.53276224236299
2.38814247196615
2.06403919227995
4.67129737841413
2.04361198713131
4.32046701650987
1.49973582789852
1.87282437705318
1.93560752696787
1.57429612069548
1.62126922996358
4.35980995906383
1.62852612681819
3.00990574909779
1.49954945445279
1.90497822454818
1.90412720743346
1.52467417206477
2.18507654376109
1.65205575599123
3.89548465000169
1.49950360592428
2.3700135895738
3.21883627086288
1.59446325111005
1.49960236400568
4.01534281804701
2.69533904100591
1.58112942764936
2.96757022226513
2.570674868584
1.51045786595581
1.8929424613081
1.74798934312043
4.34752285830704
1.49915965689287
2.02930050950727
1.50914535288093
1.80044555273004
3.99574714158414
4.69759259946258
2.59989347955812
4.17769103405805
1.81240068695418
1.5017078488453
1.67944363741115
1.6032976399038
2.08946997540332
1.50352947312891
2.77061724661593
2.33917253377651
4.65074589346799
4.69218428654793
1.54357322390136
2.92955433707817
3.6466652988542
2.64275394316177
2.21462039901829
1.69850336918332
3.32505527077274
2.78119057141882
1.57032184577283
1.51049881674027
4.21596524479275
1.50121690586582
1.76502021502323
2.36364158006126
1.64641817340816
1.72279135151627
4.09446641559748
3.49834171992535
2.48976053359172
2.18592775199245
1.69438769298578
2.59407875624258
4.70621564660737
3.19352636201409
1.50560113689827
1.78134993330913
3.21639793766657
1.5285361063309
2.46923583695045
1.67437796230138
3.24888831394882
1.74067038312324
2.24221096104063
3.05394261947012
2.32665719344091
3.09061195208285
4.52018947752785
1.53428408911229
1.55376845049558
1.50342853820269
1.82867045250258
4.01705624503447
1.50322248425426
3.89718569518384
1.85210241806342
1.5083953982224
1.6475837399349
1.52226639274853
2.2077652594388
