2.99919724065505
2.58138529421694
1.50412605637555
1.51887469462294
3.08559184738003
3.27999660265298
3.53406096477021
3.2989892507122
1.84821557618663
4.57610836006736
1.49934853514699
2.19317676918816
1.52785038127985
1.50749420853167
1.58858623793677
2.52782871897358
1.52438351008199
1.71662421053245
2.92284021525094
3.58472200834067
2.13176679076456
1.56819270305065
2.36356041270206
1.63323204254656
3.66878646313286
1.51342071923968
3.51526242122526
1.78320365063466
3.33002615052409
2.18241628551221
3.87592780707751
3.07067848618875
2.02134560268
1.92475605660753
4.63714687190446
1.54540615774987
1.5641829722315
1.50327426463045
2.41101350266689
1.52918835093996
1.58972690998292
1.89252392577623
1.50025851852772
2.73458995303953
2.42988635056774
1.50525182607951
3.06309622104125
1.99908674167544
1.50914039541734
1.72997829227479
1.68304129465771
1.91100883256948
4.36083150562159
1.49983686319469
1.63107800589262
2.74195528502874
2.25075935431714
1.93429593551025
1.75618320631633
1.63910524689236
4.19444186998624
3.79011130379577
2.03197394227231
1.56806256703364
1.64400433859997
4.51510258966889
1.54604516248858
1.5227981092426
1.96391448089142
4.13750963408003
1.7223088202
1.51955947542878
2.32426956065393
2.16930645697658
2.12593260687384
2.57611642589644
1.5978850466506
2.29689050628707
2.43722912874912
2.63696698694666
1.9692248515805
1.49976169207871
3.77195205637036
4.22871791613109
4.5090337588468
1.61429141781998
1.51447063967991
3.18298404880835
2.01840953633358
1.50504918453427
1.55676065800476
1.81031998293132
4.69758987477208
3.96874810543842
2.55218479307204
1.5878314410689
2.06146674650878
1.53971724790979
1.59787932419752
1.50622558087842
3.11152390855723
1.62190258883126
1.98586739746798
1.99387280219602
3.06350800244271
1.68634995121806
3.15392939267488
1.79515880002455
4.68892764355614
4.10640360097593
1.85814711332636
1.50539212507892
1.67254821345018
1.50513052018838
4.35341553357225
3.50117968167455
1.57733369657441
1.49896979045411
1.90789869627995
2.062573928403
4.60624879033419
4.14838594644809
1.65756416980874
3.82629691156206
2.37747374050732
4.29318708012487
1.86065691782913
3.21446448797735
1.64937088684979
3.34381859947261
1.57809780592979
1.62814446667165
4.65284518391041
1.56848929199991
1.69192785777423
1.63979600501678
3.35371665148693
1.50230013621135
1.68089038851074
1.89797545620189
3.11802754545395
4.11440185673451
1.51524329570707
1.61491299820261
1.55627747596549
1.98456991343321
1.57305695469747
3.09596910626462
1.49938002685976
1.63119349434884
1.57827530894689
2.15348673590493
1.49904556778608
2.8834363051261
3.70584501071242
1.80585304604025
1.61584403209149
1.50070225736732
1.53393235951093
1.56318254483902
1.59094723404482
2.41465209988991
1.5537933263308
1.51894717081769
1.78710567915114
1.52130591022567
1.52962175248564
1.86784309954752
2.37490570484675
3.61750574335139
4.4379953019848
2.38468508402887
4.70370050157809
4.03724200738882
4.53052813009712
1.50337354257155
2.41040332923516
1.71475568203787
1.60171971238383
1.81183409142774
1.54521232637111
4.12572806617961
1.50760896861225
2.78105742978578
2.33493898380304
4.4715880441823
1.87378216630051
1.89135374418118
2.14515049022491
1.50382701928414
1.75369393944472
3.84438278519008
2.80166035647825
2.37994384650885
1.86436004858654
1.87525040091495
1.69977135163844
1.53900069400594
3.05058513544636
3.50753424715271
1.53443875239885
1.62118176561223
1.69220475252957
1.95416970687765
2.94956682819925
1.94000196075978
1.65583614656387
1.82879167701251
2.1341245131627
1.49899111775396
2.75098385825745
1.92311769534442
3.95715627787098
2.10030282204209
1.80891261532581
2.02148130052562
2.13152633318335
1.57323368674863
3.75068319637386
4.61591606168284
2.15574029933525
1.50015198169001
1.54410761730747
1.89432864152198
1.71982030955556
1.50327348757198
1.51503126220083
4.60378673791671
2.0890196175411
1.49940371324308
3.52452764031788
1.62003133183003
1.63373485299308
2.08202426254787
1.50042796678608
2.48119059459485
1.49915587706412
4.1435567056399
1.49899439498772
1.51472699252573
1.50326885352483
1.68704279623431
1.49907545859333
1.61496261489087
1.74785598464171
2.55024927269644
2.3452621520677
2.32204795330755
2.104786209203
1.79442277021815
4.67986093631805
1.49922411775591
1.65568083437585
2.39061298667476
1.60841032739695
1.97048291291422
1.85664221902673
1.57813901506752
1.52713620485264
2.21179387524571
2.32084787179413
2.67719720246231
1.99992499844166
1.58803944021154
1.53350923945152
2.9867612624563
1.57920067723689
1.66931704252596
2.21655306940203
1.61891879316791
1.58299150601554
1.51220756953958
3.6393765337628
1.93733819385276
1.76878090118209
1.52325810081993
2.93362204417655
2.13016903253237
1.67066035833553
2.05933044234655
2.70602688950542
1.7716020582608
1.50225105942537
1.62584778691714
1.98748362670179
1.53353419649438
2.20174307239629
1.74549270213115
2.87237661178877
