2.09870611370978
1.88031941554999
1.5016931391991
1.85723395047622
1.68240601186191
1.90243300109691
2.09432636734813
2.01704250777225
2.82227305073141
1.76011821362465
2.9704560244016
4.70176191558653
1.74347723087213
1.50443805858177
2.93245194280301
3.28989470016969
4.29535435418071
1.51458862492014
2.24221809284057
1.64726142012816
1.51880809349825
2.17215026947334
1.55004421337796
2.83459034266365
1.50182943336339
1.71575601172278
2.37134849501112
2.03340124590595
1.63150595201885
1.49947201342331
4.49251436679609
1.88070579278411
1.54541278859655
1.93716835025241
1.661922435851
4.39857533479378
1.95317212343098
4.58563660673527
2.46436742127032
1.50147658522422
2.5964146451314
1.49912107790919
1.76755311740458
4.53737498987525
1.5134704839731
1.58548186272124
1.66839014419784
3.77200055187299
1.50080153579492
2.50719226421404
3.00077600485859
1.51135741434801
2.02785187184198
1.55548069609317
1.51773284978408
2.42875062309058
1.50784184630362
1.60247332261698
1.51345515272393
4.569716687023
1.73755848519101
1.80050107553844
3.75502192573128
3.3576470213497
2.25487982584608
3.04116177966865
2.0592018336318
2.22421619047778
1.63992838520067
2.47398463359975
4.7009522551558
1.85175930807798
2.21392845339336
4.70836743145936
2.77707990167927
4.69975482355299
1.72654693396002
2.84580985902433
1.70770049094266
1.50108029859281
4.61740322603996
1.66947405599997
3.88075777201185
4.51194256403342
4.67936001997213
3.09348739274543
2.2333068016119
1.75488107775304
3.96777119373058
1.55676202315796
1.80636826500419
1.74419479296191
1.64089091774568
4.25920533095563
4.00865136039624
1.74181958361711
1.75390140819524
1.68213822888756
4.30047481681078
2.30939895908771
2.27916113432094
1.50962530302982
1.6380858377087
1.78325298904215
1.79115776752496
3.8478094307209
1.59480001745117
1.50864540242779
1.51396570677888
4.6238836277774
1.97645957792587
1.62468631713478
1.49972700288118
2.01734361389281
2.29248810016602
1.89168828377378
2.93102948252851
2.22477857837282
4.63785091388421
4.39595123975175
1.93692006988945
4.29868551006839
1.60225343665039
2.4853190595118
1.5059081168328
2.13050525653286
2.12180435413319
2.03749490653728
4.07710292517618
1.50221351468122
1.78247523738576
1.60981587174693
1.50174511093283
1.56524498647857
1.50319561035252
4.51885518849205
2.65735387257881
2.20106464564781
2.40171183045656
2.45890554928118
2.96433317401413
2.45358476259744
4.62759698934843
1.50194803439797
2.30671812440843
2.17346174847848
1.54232407480625
1.70804047124494
1.51539624978778
1.73556392561681
2.01257108180217
4.20848999603082
4.35850168697262
2.45298817302628
1.50433076510351
2.05403300446037
1.50053493857318
1.51026731072188
1.50536358270422
1.83275397297508
1.78497232159501
1.53452909812563
2.10654530112535
2.745461063277
4.62439310257968
1.667615701048
1.65380664462374
1.53133590280572
2.29252349290208
4.70082395725437
2.60833032788637
4.45607498579418
4.44196306439073
1.79141337343829
1.53572873713368
1.80480211551282
1.49896500770662
2.26780507097743
2.25735339074056
3.3715727462608
1.66175451766519
3.10999311685991
4.47666953491189
1.746110086978
1.70176557051436
1.5525642464837
4.28734936911594
1.65549208809815
4.67875525925723
1.71953751231451
1.77439099585071
1.49915548646279
3.09598629441715
4.51133090516333
1.56694200697951
2.31871832049334
1.50428340536138
4.3402224090942
1.52849140915632
1.75731201989601
4.08520722935175
1.63721741285362
1.98557066208896
1.52836913065801
1.5479048015019
1.55221290452397
1.61289283179099
4.34028421708745
3.06098227979334
3.36292996113714
4.70032550428762
2.09168807797407
1.62636651087781
2.43944834721848
1.49932513955269
2.83854912434059
4.07866133855145
1.91624297399162
1.60273297648234
2.08778767977658
2.13187956161693
1.79143875864706
1.87263913065861
1.63152090756786
1.75595937020096
1.88891164857036
1.49903201600931
4.63987559212429
1.87797497358105
1.95792191994506
3.91387594218126
2.15612798974474
3.59487141651515
1.51942247583453
2.40758983579129
2.18742894923924
1.55133765997194
1.61334625129612
1.86380562285546
1.49993357539927
2.6794495521787
1.49908780057381
1.78861469788108
4.60100175163627
1.53141647825413
1.85773725091939
1.69538981380597
1.74988007047779
4.31691968155224
4.40622627722305
4.41305475472167
3.29149551644477
2.41511683366053
1.60072989299929
2.77765526244154
1.50549446131338
1.73252324731057
2.99784181164161
2.34960089113793
2.07470329768201
1.62121974823757
2.03071526122443
4.65739642195905
1.85980623740067
1.69977793362224
2.09469722350165
2.46977192356254
1.50403542897642
1.57197856385054
1.57910446059017
3.26228107002504
2.67612645480795
2.9434719197386
1.64933865589768
1.84701572487659
1.72860653258752
1.54448875318689
3.0488062977418
1.53385331096786
4.08023305843011
1.85135930150287
3.30216030516431
4.28587097160134
2.0132534898767
2.9782469448513
4.10573454259378
4.7034232952568
1.60229809730347
3.02333626312994
