3.72305419754751
1.53843087852928
3.19388783971429
1.65345418142659
1.65663570482034
2.05175783538191
1.56445657728697
2.30375999842014
4.51136813854802
1.91581334266604
1.75966207555868
1.51595686676676
1.6043174507758
2.39952837368389
1.57837084649456
1.60009995508537
1.51730590898453
1.770530433333
4.23259845223673
2.53730651150235
3.84220966478489
2.83473925219811
2.17739569552666
1.65144640098802
1.97332121266692
3.05304149916341
1.5244382055065
1.79752321103332
1.63961894196197
1.98931089411068
1.6497990629729
2.4340379061236
1.51727496834788
1.54670053109476
1.50661631315016
1.57106459563004
3.72877484947188
1.96465671237355
1.55556507676521
2.25797452277952
1.66805473463489
2.07571478948646
2.16939355828096
1.50243596387688
1.51257241803502
2.60216274727977
1.50311486146377
2.1651955455977
3.96255298469751
1.51032402993137
1.76340736133589
1.49968375802732
2.64358860882876
1.54703539168485
1.78391127073133
3.22853869803141
2.47437022660864
2.18097284495454
4.7026366319588
1.50224474047509
2.00326412608261
1.63548042611156
2.88272630443275
2.42005571761303
1.78472119478048
1.52154818913416
1.7059468943186
3.41750972169119
3.41379784906982
3.010363136255
2.45890522264223
4.53456807947742
1.56531217081417
3.50167564754429
2.01177569385088
2.21648439336041
1.51791771941369
4.70409579133771
1.79066031909587
2.56250770923653
1.73101456429138
1.51245829221919
1.96649254732321
1.53979005795731
1.58863325542297
1.49896393144715
1.95774989409429
4.60497127589429
2.93713305301792
4.55861166210356
3.38059478268458
1.88340349629583
1.49930566438572
4.43374676569671
4.52371249267032
3.3705391334662
1.54429165192862
2.8391880639057
1.74136078888201
1.60093931690719
1.5302896839891
3.13735721267324
3.2466551519218
1.51083877112892
1.51998907381813
1.51599566889753
3.73538959812176
4.35569166818531
1.75273163828386
3.27728913864551
2.41041721079182
2.17025930231338
1.60527701649792
4.51965684993282
3.50475270210551
1.50207223903892
2.68058815453496
2.81955498380309
2.34484680847996
1.53312913294539
1.70902688172746
2.30841421072319
3.40069100879714
1.50233260832775
1.77805165164267
1.82612312668333
4.25923198992515
1.97138871093512
2.74936347063656
3.495457355875
1.58624964871126
2.85544808837754
1.67633548666318
1.84834815056563
2.61117851026513
1.55463938973081
3.2790824510196
1.63579457121042
2.15541075611744
2.09049344926352
4.67756690856317
4.7087350930834
1.96172143555269
2.18125226084798
1.52893512154529
1.68849062335613
3.30925312454451
4.60042960969554
1.69071660958165
1.85775614894166
3.90808887271844
1.59327015732469
2.25567190870587
1.83200336758047
4.16232088665788
1.980714058219
3.7065538701801
1.96954250693542
1.52474274394802
1.55841034622379
3.24826233139837
3.10696397531427
1.58594438977552
4.24304952743897
3.62039341796153
3.34684117555466
1.78466019499609
4.70820539494039
1.49936598206837
2.63460734001155
1.76606440588901
1.83162394454118
1.50804173530364
2.46635267573442
2.51938419779854
2.02243137596602
1.66798972275293
4.70085194356299
3.82069042834588
4.68360008851923
3.16956067145922
3.00772575282744
1.61390222540979
2.33827322708573
2.2242187565013
4.62921748391017
2.24023111418999
1.57247576961628
2.56242951465825
2.83021663010967
3.8873762000658
3.16939322677175
1.67691588641407
2.2417547838967
1.65545308719109
1.5847396052703
4.3573697174561
1.78397332394674
2.02832776634525
1.90922510470646
1.53211036132699
1.58671734987365
2.53740232956107
1.53550196820524
3.33484429644888
3.86397562436518
2.05351903105794
1.53717532486601
1.67857709874786
2.07078438908652
3.68886937769829
4.499472089001
1.71116954360768
4.69977566422731
2.01499639499184
2.08369550681334
3.03911514417339
3.87507270518822
2.29533454842099
1.64472617613382
1.49930795376614
2.75925189742857
2.19650580424172
1.64485097590834
1.60659247877048
1.58908181482418
1.67311455486781
2.49744374340364
4.56734266268121
4.10771899583179
1.50088588866572
1.81418346919863
1.53644754986917
1.56903100380417
3.05723528704665
3.38785807314772
2.1404751956823
1.59260218337189
1.91198913764487
1.53417056661312
1.70759633959779
1.65015194565313
1.52922906422533
1.67130941181775
2.89863548562608
1.91021020879278
1.78304028586202
1.49956040301456
2.68089964422287
1.51625451033006
4.61077939171175
2.02686566138688
2.41888697393063
1.59857749325294
1.60582849450591
2.36497324416439
2.01003712556041
3.80968704296528
1.65412806067529
1.7171774687944
1.49907531695339
1.50539877770442
2.4819382880458
1.99239598340719
1.81426287519243
3.68442007349748
1.83559692288547
1.86968882860328
2.08413915576945
2.54916515920986
1.77993333851775
1.57813623155737
3.14285351510508
2.02344311853986
1.59536142172507
3.66573200760368
2.14191318935296
1.85494388442539
2.00830981498235
1.82724141159471
4.38551902552533
3.00362923957752
2.26472028680511
3.82027755012535
3.91072305830158
3.33443376016524
1.50015504254938
1.57372904851805
1.76900739206543
