2.43703480221575
1.67050657278055
1.9723200299805
2.02147453693853
2.01688277762592
3.36904174717478
2.46884120655956
1.69212075749053
3.71940424540857
1.96271716069228
1.83106476987188
1.5400603169196
2.41830717315486
2.7909619127814
2.83939941887501
1.49973533447662
4.50518318048274
2.01293481681844
3.33385202824501
1.81447461073647
1.55089807464341
2.07719051287809
1.58654292248101
4.2727593560003
1.56152867851201
1.5951401600625
2.69822943094165
2.25135849219652
2.85136338139202
3.1582974124582
1.59956639045309
1.52449209501296
3.16932436545241
1.50251310252866
1.51238599646887
1.67106071447037
3.25960719553088
2.70962638317825
2.92446582170777
2.2706275347659
4.09002116408126
3.21040133939765
2.56248923418424
2.65787781801164
2.08577071147389
2.54445279844294
3.25499500388486
2.27878015841969
1.60342111837285
1.50829430117897
2.84323777071181
1.6711021722179
1.87962420406496
1.99570273064397
2.50153921126801
2.12823565555659
2.02892584782154
1.68434479335531
2.06489230292036
2.29244172258176
1.60693373562379
4.30759209367403
1.58496209807542
4.63662832996709
2.63523739095448
1.83823013446763
1.85050022578795
2.27426182077719
3.41761139098553
1.56583438218591
1.75012591558097
3.10081524021897
3.25449259305193
4.41550294939392
1.82452389550705
1.90677502990682
1.60961113485102
4.70133754493616
1.50544243481916
1.59160596024319
4.30464385465664
1.62152214451907
2.48510851551005
3.5467883430894
1.86655433754413
1.6825257058557
1.50906339184028
4.5968773210474
1.56258349889738
4.53986561958882
3.65395250214081
3.26353413897938
1.5707483162945
1.86342002194979
3.33339440691696
2.3484341927706
3.06655165114958
1.52362069574208
2.32917191195857
1.51817410845732
1.51175312654241
1.49896447792429
2.63280398630985
1.83039527791974
1.65366000947061
4.70378767594499
2.73001961116331
3.52331566887959
4.07756616290912
1.50968621192921
4.09738773177754
1.64892170587964
1.53970345875668
1.49967821595912
4.68496860146639
4.68073050766045
1.55017320906264
2.2950327057752
1.73895311907861
1.91788975204195
1.54779537920743
1.59856765656155
1.63638043832986
2.191552318849
2.60164856927517
1.5118418092471
1.54422206690016
3.18416038467631
4.49465155444137
4.69900412079862
3.32304306889038
3.0462781764666
3.60159003907563
1.9016573938038
4.36243346675849
4.65785511306845
4.63671174601864
1.8644304902152
4.66081357864553
1.5096927257248
3.12804557089062
1.5074059937961
1.87056631950042
1.85407461160966
2.53825661872254
1.63633061009892
1.64556102941236
4.70876557808202
2.11518062385091
1.84191613282311
3.78296950755711
4.65821271238231
4.15220994472916
3.93394680354653
2.17556078531898
1.52173387371676
1.51547655771261
2.40212118408675
4.15215835994182
1.52096774299128
1.99083850168777
1.63791831296839
1.77121713464688
2.99915569426246
3.62732823921044
4.38651802875896
2.95921913885499
4.62538292053063
4.70608092234605
1.50255984102027
2.56517154367147
1.52497612460287
1.76443640902961
4.28033680423897
1.56067924493235
4.64517154609845
1.50562461052003
1.56516446847391
3.12624102350882
4.49060764736119
1.9971596926074
1.79222359136097
1.54236053191712
3.46132947835871
4.54611062596211
3.73681245570506
1.72201728055022
4.67957630123703
1.59691870428731
1.69557332928376
3.83671099372884
2.53477806244668
3.51993360806886
3.90175263500648
3.74550602776757
2.20641373370776
2.35353780099515
3.43158423709497
2.26329653860698
4.41657645757105
1.7804083554416
4.23264304760711
3.62944841113654
2.69141426656065
1.72797949522664
1.51449722285867
1.49901794055529
2.64716362931464
1.49919030820184
1.52448905818219
3.93417314485428
3.22072920262244
2.30569178724245
2.19022088779198
1.50078292092755
2.53090967025418
1.82365363824472
3.49245022536267
1.54924249159983
1.52632670160746
1.61549288054081
1.52455800753366
3.02482713686775
3.55799706116995
2.37324003527469
2.60721911960976
1.95602144966335
1.5879422877297
1.49896434611879
3.64544185981727
4.04780844668856
3.45813357210293
2.96888541123915
4.66816919492473
2.32918012866789
3.97014615030941
1.99306775340652
1.57895112547397
3.36709534924627
4.63766105751979
2.00202484320041
3.50699324047287
3.50543035785086
4.07241949195575
4.55433243607739
4.55758691316527
1.61441351011743
2.57896948016537
4.16924840086254
1.74338638038509
1.52118823482856
1.95194096658079
4.34662066125344
1.49954659495111
1.92155927142019
4.18464969016695
2.77680949997828
1.50127165929548
1.72527242408685
1.98167748922556
3.61648624156074
1.87779096145399
4.55287751646513
2.4716903561638
1.74216454121891
2.20861479657725
2.31138666266326
4.59326969156513
2.04050824599005
1.94522839651873
2.56310147020306
1.79132653617831
3.19134235372326
1.71382420458095
1.51528741701951
4.68409214838102
2.74577904170679
1.80033683069432
1.50448089606549
1.75380079343522
3.65453295574132
1.68196598183854
3.66163409235138
2.00721022800743
3.8354780483225
2.57368138999565
4.15747425557963
1.60280031236828
3.3847906791027
