2.56507196752066
1.57594475177493
1.50079265953829
2.19340620292456
1.59068421380286
1.76877949994138
2.49674962114503
1.50366557836033
1.64210958208922
2.39679391851854
1.82203534791834
1.63104078509449
1.97160602630046
2.20099572183263
1.50754196414092
2.29974182452897
1.63361334631153
4.21067372324996
1.8053267089291
2.85361037295971
2.03152898603347
3.17455739209934
3.93561690958556
1.81666755851002
3.45199746895167
1.70486932774862
1.51460228783437
1.4990044901341
1.49924699995551
1.5169863347961
1.64919197586637
2.39614569230339
3.83698529382275
1.49907491929848
2.72885168332976
3.23167252526796
1.50205874337473
1.64795057281154
3.07820817337353
2.58868940974949
1.56453559024701
1.95353494945668
1.64963290230531
1.51409490469833
2.0861709868971
3.9832556240165
2.12712470262915
4.70410995422711
3.01810554899676
1.67966572441646
1.64920610930634
3.15750020121075
1.58521159844631
2.06836188634519
1.51883465699236
3.38342067404901
2.02704762824227
2.69233516759269
1.90886205343405
2.15427308188977
1.65932405233453
2.61986813174801
1.56989311146
4.36922925296632
1.51472945665292
1.50006192565776
1.69857958848947
1.54727845370985
2.69308255247523
4.56788479095894
1.95707993206278
1.52612945341189
3.50506659935956
3.96926624642945
1.68056644152908
3.08211070481633
2.56498904869636
2.72463304638767
1.53410760434299
1.55730312587967
1.96565390118046
4.27834491837548
1.54079904033741
1.50301227001309
1.61200607366787
3.65634145248595
1.97026245344307
1.49997906835384
3.3613672630162
1.51943739022734
2.49400419435142
1.50879923624385
3.46505005147206
2.40295174789704
1.76837009270137
1.67925807131369
1.65907108996005
4.69234285744542
2.93125252688049
3.12517750930081
4.70841258912557
1.72909820855003
1.70530088582066
3.05550027483547
2.23383461423874
1.88978922965578
2.1442785872331
1.5054124782372
3.50795913527557
2.81223589369671
1.93473288179992
1.79115255358279
1.84785996013639
2.09872165953754
2.85100908561993
4.7072196301006
2.17404576799171
1.54017964352824
3.14496483119463
3.96890757376833
3.53003200022933
1.88521879953059
3.88965679049352
2.75946125460855
1.61600344686392
1.52592220583705
1.51868185588865
2.7542696193278
2.69023552195646
1.6461523693385
1.50026600209407
1.57964192664913
1.95734675171511
1.86065607641925
2.06994357187777
3.07679622631388
1.717008382726
2.47488062625554
4.60702352071804
1.595703628891
1.93699301288214
1.61143682595428
1.67412627010654
4.09188581143654
1.55287263842834
4.61617843191907
1.50026984308826
1.4991194837801
1.57579867659251
1.53911700033317
1.52396944455632
1.59844807514884
2.36727883794492
3.25824787351049
1.86618507163873
4.64280304518469
1.53522767990035
1.66138663072944
2.38875261325393
1.63261873398131
1.96265467469718
1.83882645402233
2.78206342355317
1.71440988138997
3.13366739946771
1.59307620968517
2.41691912422465
2.20425675423116
3.92257888777999
3.29771559596974
1.77957075598303
2.66220640898385
2.93937213925299
3.17175045478447
1.97414041571914
1.5558735318293
1.544109763365
4.50151386298148
1.86264955297334
1.95138298319874
1.65322166750123
2.44449016391246
1.65757274754102
2.4283731088031
1.50654510788159
1.54600716553414
1.501400553953
1.4996946848359
1.84988101854181
1.94727957563886
1.82230400298233
3.7068170712233
2.17880393899127
1.80698993434965
2.23376116160415
4.63380805922006
2.03462042510926
1.52542843388879
3.77621798659997
1.72474376690747
2.35556748478317
1.58406255851734
2.94051336140683
3.21979342773708
1.55694649377205
3.32598134524301
1.70408190290484
2.29991484125194
2.99564330835005
1.50391111888647
2.39460820170424
2.27431828149163
1.86623429077145
3.87509962044359
4.14180659250703
1.66363082578821
4.35415017111783
1.56323419007481
1.79223575780242
2.30001932346633
2.18760322143117
4.30008482028435
4.70777316644294
1.57799839794863
1.52743000144647
2.83936667627352
1.57755874645238
2.4977579332796
4.07064013287299
2.03181391966378
1.50007976936435
4.45227420467284
1.86536993754016
1.59850717990125
1.52428099743903
2.90997448104949
3.08378812640822
2.34589219130698
1.53252909543231
2.70692052689504
4.61217872761462
1.50175431178038
1.99193565326459
3.45475876118809
4.70182383277964
2.57427972675888
4.70742315134703
3.69937567216271
4.38559994369058
1.50200205664588
4.68272337362154
1.9643355530031
2.86476009071239
1.53366547994792
1.59953434024812
3.80504142465933
1.50933335677631
1.53191071419131
1.68709006860842
2.64548681446434
1.65210412853835
2.30826940033215
4.70851701222066
4.61513161868261
1.50477369207378
2.17637388305066
4.70384276215217
1.52267940783005
1.807025986238
2.21794994045461
3.75977626882114
1.62090785738946
2.38197329680525
1.51016849433518
1.82881312785942
1.54100630544395
2.25629311226529
3.45214501972275
2.55304877586065
1.61472305346223
1.65833882594432
4.60322804024965
1.68110260825159
1.98883576143358
2.33401323390167
1.98054797325513
1.54683439671537
1.86593362052376
1.54067409558964
