1.50103813003649
3.32936819399767
1.78283574633314
1.49961294004917
3.15115581331762
1.51336476398206
2.41147857776963
1.50907310303393
2.10937639644551
1.50017472661689
3.31416420934878
4.43512583117853
1.50389821904611
4.34417409012596
3.83523769821109
4.46788252198772
3.48431608565419
3.00206643737451
1.66301218246422
2.56555524653335
2.10513979494564
2.59010599203608
1.6062593498705
2.04067921658533
1.79284913112339
1.64420085767741
2.08332547325722
1.96852648081956
1.91163911081474
3.98776679661789
2.70635643048789
1.73364744679224
2.01968578561068
1.60577217603717
1.50697382513606
1.83089954068833
1.65643435213373
1.70201399536281
2.64946864801741
4.53068053354991
1.55795245457498
3.32582595777796
1.94535459032793
4.6859189810108
1.59710974356205
1.50348322605223
1.49924127525632
1.68761741975831
3.42723924040585
2.40805744102496
1.5053763846307
3.83612736369763
1.58672784569362
4.4043866573541
1.76900971708202
1.64317475708163
3.44287447758138
1.51791330020057
1.86323584781565
1.49959784151088
3.87949859181839
1.52422720230097
2.94837939522338
4.64653508259555
1.84141233785608
1.93784535445025
3.00877673114532
3.18890501894274
1.50475598008625
1.52023207970166
1.78314620568583
1.69080201574714
2.56954467178289
3.84481303268466
1.5759672253805
3.43714201901283
1.50408085359937
4.68856750561752
3.38257512053912
1.50735458956848
1.82780747212411
1.50822431419189
1.63874489810157
4.6467242023054
4.25647782873308
3.95327969204043
1.74126524135256
1.5004407206337
3.73108508957407
3.92205365590997
4.34070360918493
1.56371828225978
1.73909548961247
2.391891119812
1.66107565333366
1.52080955610788
2.19787603175852
1.97193640223208
1.50165555063215
4.35853152963372
1.52136002475676
1.62181591691796
3.19637253889576
3.90445127442556
1.57488616641227
3.74479955184999
2.9877519994592
1.77601434044066
2.05206574833646
1.51281150846201
4.70297868671603
1.51267612634126
2.31080795200942
1.51608755794744
2.23016231755851
2.45077527382961
4.64001188412644
1.50895641396194
4.68566115791505
1.56953701871129
1.55732869761963
2.61511488680938
1.50138483389198
2.54313849919529
2.02489496448444
4.15279914718723
4.39186689892718
1.70471053496591
3.91728328514442
3.71217389743393
1.83316697689443
1.62357588776943
4.13715016913923
1.50787537149174
4.27142582199207
1.56221770947737
2.4294188809387
2.8531249694815
1.63533476183337
1.56546626424746
2.39460682855104
1.65104301558449
1.68109143225964
3.27434368457837
3.1282168247346
2.36387847648705
1.93821599199413
1.49951184593878
3.2987463800504
1.90534607155139
2.24205287056875
2.75263827829873
1.68983098265612
4.65693356487201
1.5146391537002
3.78327253732625
1.83038877320395
3.32443769462194
1.52838521398076
4.70742625503476
3.0945844574821
2.75535366880696
1.53653630529625
1.83605876932243
3.30308446350176
2.02376017756455
3.79901265177011
4.61624509659404
1.70850895667802
1.50324263579352
4.33076512363413
4.66696172312325
3.37916841132744
1.6195664750778
4.70262993051031
1.5724185805157
2.96780640140984
2.45318634383716
4.58041663789644
1.63506803204651
1.54595332801915
2.24557456412807
3.91678912565016
3.05715281779026
2.26563966651571
1.52473528726678
1.53429029318718
1.60361253860013
3.65527857651154
1.68771796090822
1.96259607217183
1.64359332159314
1.56871999286547
1.66231330588416
2.53627192897883
2.84594109889047
1.6148723232615
1.53641860887836
1.89462589080801
4.64530852584447
3.97861740497076
1.76364975178233
3.12449683910324
1.58535860723408
1.60941708955948
1.60388105083378
1.51734233429789
1.66578773008591
2.51124395352701
2.32493971673852
1.52137780384806
1.60765314912413
2.11976443392632
2.63119659215783
1.67829149867675
1.77998214552033
2.67422741861262
1.84537929544363
1.75235721336605
4.5103607949531
1.71901995782794
1.51460490085412
1.68235945777851
1.57960498028309
1.71399106541758
1.97576559640119
2.01189067115521
2.07163815636834
3.58822388073268
2.64807163717199
1.79184898238036
1.67667735109667
3.4367214029359
1.5906642297539
4.6677706467256
1.75053567328805
2.0457912330552
1.53630886660721
4.51456171212053
1.57362751842381
4.21789674353107
4.58141557170769
2.19893725731288
1.72799140134575
4.63485861075285
4.58315157985645
2.82904821501188
1.7847030970916
4.63363370083968
1.50048247422581
1.5102197735819
1.75201560038269
1.52607679937124
2.29279266990519
4.66977218523946
1.9945311920271
1.71959233183709
1.61972597802367
1.53183982293096
1.51500295929439
4.58528487741738
1.99271937180154
2.31822454207644
4.69148442176623
1.81827411263635
4.04666443796938
1.86198868999466
1.66120090013611
1.94053860063709
4.37007039910617
3.29312365880429
3.25088036578638
1.67241042413208
2.53046847753141
4.59822482446327
3.39774836848548
3.67937642741433
2.01411740584479
4.22177264412783
2.64904934211838
1.94111227321356
4.27029154183714
2.21803465316888
1.50226692939576
1.52023294795058
2.44779748842209
3.27452086204341
3.55584057115459
3.46831808619884
