4.61431118533464
2.39468778400273
4.60166318252034
3.68870076230438
1.93193910862715
1.49956397195307
4.67742028260467
2.61984662982742
1.52530158404844
2.28875791228213
3.18897246834337
3.01379639296871
1.53301983681039
1.57942886374518
1.9256520455779
4.63717086373269
1.50753410541985
2.20330781580129
3.47586269147123
2.98754083829352
1.51513708113014
2.21050342844419
1.50220414242011
1.85177815522947
3.04747571354781
3.40250226225408
4.39877591923807
4.69806231457882
1.51678065148119
3.23705671158638
1.84919713019462
4.50515633752328
1.60473669492836
1.53084559074291
2.71614537229176
1.54249133866906
1.49978917749453
1.76490974893474
4.70313780749061
2.07289588599434
1.92798361894372
4.12255217775806
3.0628979868271
1.88047261162661
1.59588809887014
1.97000851930529
4.64134952778669
1.56746311899994
2.7786871905997
1.68642375128103
3.0012527110404
1.52446456555763
3.83374259301141
2.50592532933638
1.89174735671122
2.81029044203644
1.84629847586148
2.988628453755
1.49896664773812
1.49978676926954
1.76754134613342
4.19539590101784
3.63938403361347
4.06013911540968
1.83205352833908
4.21814331518006
1.73097864267732
2.02939080867112
1.54994946281584
3.6846770230356
1.50194307008026
2.56164249440225
1.6981738204755
1.7756889407776
1.55777474655538
4.31183732307539
1.89487131272345
1.87523998258034
1.6108073213382
1.64842896766605
1.92994452522722
1.94879734640856
3.02396632961188
2.66371130992532
2.07728728289174
1.91793356151257
1.80412805982471
1.51629726889608
1.74992612980251
1.49896305457282
1.55743619211821
2.42713797558582
3.18258145204834
1.9632114271412
3.84855608685025
1.50854351798812
1.50431279404551
1.51590641806753
1.81102587519946
1.7416383096315
2.18701061015906
1.59108652947848
3.20386696466039
1.6576768500797
4.16585834651572
1.50434039810645
2.00741554924162
2.02285474693665
1.77336042830278
1.95101636473752
4.12465597330431
1.67641770844138
1.87592964294204
1.53791167317423
4.11780714789128
3.4740881503439
2.25319037981184
2.04959508329472
2.07206226170709
1.53483901957743
4.62472924369373
2.1776626290855
2.17636750203654
2.36090794764168
1.78379537005891
1.80231731596037
1.49953721552766
2.86712764218665
2.73103868996627
1.52546062112329
3.64926129908518
1.50144348023023
2.22952206484069
4.51003970550375
2.09347762977768
1.5700464799432
1.49900627033744
1.50131203154368
1.56535573441339
3.60746266851932
1.49978332206912
1.53420657757236
2.60025651119532
2.4753151969566
1.50183255651918
3.62638592478984
1.75880861206364
1.50032314957505
1.73435135633702
1.50675338678348
4.03357287779346
1.81770183941376
1.60448587504236
3.8564414618805
1.7207384984746
1.66545705092645
1.68792450327304
1.75429457962901
4.70724254388007
1.55997434042749
2.35730103827625
4.38875526510399
1.56064858558617
1.49910866949957
1.55228874252396
4.25559331439092
1.99167883970367
1.54404774806627
1.55105408387715
2.93761486716938
2.7823797105242
2.79996961646492
1.62539375786361
3.55734583108552
3.91979748812011
1.50856330601863
1.84981724058853
4.70751995993377
2.47367076633757
1.52552423432486
1.65141975885437
1.50472158964496
1.52451554545941
4.23906882183043
1.5752544264344
2.59369857383623
1.68432171781953
2.04223425920367
1.79248475463399
2.31375671657076
1.78334752822553
4.52898099213884
1.50982073569412
1.64191825101847
2.04438341792966
4.25213282395054
1.52315454985134
1.54655683396166
1.54946190883827
1.70604886929505
1.57896955328906
1.49896876086224
2.00648107591904
3.42726086999193
1.92418604988969
4.45875968301464
1.60161921038877
1.79605401757006
3.66246877610341
1.81686369083422
1.7550245165908
2.71475844809158
2.11103121483287
4.69490455674094
1.52630897196051
4.49635002578591
1.92864835534538
1.4993006588962
1.81500718269285
2.94299311206969
4.60128140617169
4.60931198447168
4.41129219473113
1.94911336941778
1.88164614412492
1.49951157101266
1.72746630782914
1.58631258751801
2.04722102284314
3.78266233259843
4.43333960162783
1.87869597570383
2.59818085115646
3.24766083069939
1.67312907664928
1.63101236088744
2.0424101767944
1.51560025602775
1.5073576543708
1.50351187907077
1.65454603305584
1.66301098413056
3.2023249746928
1.52315951949596
1.82432673928246
1.66052195728844
1.9426765255763
1.78354548981225
1.89148842603204
1.67068764887151
1.5130872675106
1.80115705909374
2.44872799560162
1.57693536839676
1.85431971093387
1.50938841881584
1.92003022489313
1.77534145282648
4.1624956933648
3.79179264788453
1.78338703866753
1.60267701811462
1.90593086571599
1.71232855620715
2.21951700250394
1.75181049331398
1.61374078776208
2.21996802973485
4.22391222694548
1.9975731867064
3.56267784304511
2.7798670710619
3.3952890651508
1.57843172256782
1.66327582035758
1.50198079413916
1.66618345210693
1.81007419080885
1.70106752776712
2.16942156187643
4.1850839755837
1.50206258685616
1.7225470698714
2.47508182820703
2.47666377055377
4.48421012248188
1.60618683863636
2.4095703505047
4.4441290879132
