1.58063575946584
3.45200708033121
2.36007813113295
3.0036326172838
1.85657831871203
1.59088502250335
4.70860344148752
1.53959510122948
1.50771051413361
2.10374552145635
1.53449082318217
4.43352819278825
4.70246033018085
1.87213760712818
2.65483438137651
1.66150573164587
1.88946480609457
4.05631917167917
1.81188810972795
1.73808678580945
4.23326750561279
3.3474206234288
1.86167503320029
1.70989845273498
2.87033764086149
2.83951337460087
1.57076395093528
1.51322209941111
2.86407383144478
1.8562976026063
1.74924070374734
3.09868099067574
1.57934612255143
2.02460267377487
1.51535751335272
1.96634832683836
2.76313100489869
1.49923908455124
1.58244947962616
2.09145317968737
1.8986995378498
1.5064620270036
1.69107214435173
2.34184749911302
1.54199973115021
1.73068080946785
1.72233207058333
1.93500034666841
1.94277154633023
1.79955108042411
2.19473080097914
1.5600810610241
2.0376350199828
2.97902318622031
1.50737192432856
1.62219850327364
4.46528238710235
3.8686370012605
2.81281252856818
1.67886184910838
4.70876969033428
1.53639737120912
2.17299835870647
4.70857928410461
1.63538445347515
3.82606132734026
1.81063926602787
3.32330367071335
4.6345779380217
1.51145441992046
1.52889805083356
1.82507386127302
2.17213455904361
1.50811294320689
2.0656284556352
1.5262749522882
2.446404511421
2.34424435585074
3.31708301081287
2.53875509436148
1.70170416740637
1.61885200069715
1.73430387071106
1.66582364100557
2.83628130310896
2.86037848595875
1.94178118929967
2.45904297595866
1.53189229188261
2.63750233107088
2.05353879546073
1.50092108520653
1.50444585602392
2.6307670188618
1.70681891359618
4.14528627045675
3.92668852436277
2.0882921327852
2.58525775145512
1.73897238820502
2.18901113002491
3.00012883925159
2.08474936210026
1.80721656263469
4.70854717326645
1.88823726465813
4.23816566033993
2.14247084631647
1.80162541058594
1.68059738163584
4.62882219124383
1.54620810526628
3.01098882866231
1.78993511049348
3.12220196690904
2.29161377706288
1.50563954157906
1.5276510438837
2.96988118628911
1.49911679210032
3.58798183453778
1.65716622974957
4.70744811383508
1.94364809546955
1.98632287318059
2.02249853975685
1.58429370844013
1.67754456693225
2.13683218366993
1.72643657783129
1.65945606967287
1.59324000767108
2.69944623944123
1.57252255132928
1.6923617390388
4.61085086248657
2.93368826389132
1.53327787492576
1.51240419484039
2.51876626603613
3.01811795516006
4.66546078098792
4.65310133585913
1.9063779051519
2.44549140312236
2.77754198787378
1.53032881036283
2.58985611238438
1.71402410555135
1.51215543209369
1.56078174668676
3.05784771831745
1.52890609654487
3.18334054810875
2.65619845963074
1.68504829449309
1.82063403569048
1.7560277838341
2.58663865856131
1.53976190706638
3.17941531065709
4.26916046723325
1.58519777523004
2.42669571305182
1.93470218293556
1.83653653167914
3.09378108811832
1.50047944445594
1.57580880303428
1.85218603781983
4.63499022782965
1.90089743239712
4.65562831849217
3.99259474454868
4.43491796324781
3.86065561130155
1.7674819950439
2.96793887429552
2.67946324264261
1.72730353809674
1.57281043262216
3.23218602671317
1.50424268321489
1.69737626824717
1.51082945392806
2.67554029481661
1.49964319501767
1.52269402773323
1.9392586524939
1.5361914088779
1.55460235609253
1.76077655915661
1.79232246206906
2.85325621777483
3.75254919578011
4.53345750203104
1.66547750031196
4.37664212269431
1.81203544794557
1.76603690913603
1.82933447020503
1.50692348026396
4.06713215237307
1.70669194974036
1.50509833195877
3.91223137941326
2.36712256179596
1.51606014961418
2.64644136862323
1.97428587898729
4.23097556303233
3.07082274699496
4.19141603349285
4.18100442987222
3.33977927706316
1.99370006058276
1.56871331450218
1.78614040619767
1.50073502705657
2.04419997458242
1.93962543745911
4.51459624762113
1.98185395893586
4.65363610591037
3.65246287441971
1.51285621030421
1.50116903267278
1.53195714463689
3.19607954454158
1.50356583298369
2.40249466823771
1.49965757810187
3.12239304602355
1.74208001397431
1.76790843237958
2.78526133375353
1.54332702085292
4.57390101485118
1.80284880366427
3.16964141604446
1.5582478436554
1.50616200918876
3.71011571502643
2.18971880055068
3.13113759962403
1.78556439274761
1.50907933325646
1.8360779932389
1.49953802526428
2.66620510741132
4.68960356294735
2.13904040963694
3.15505850707564
3.45164104910046
2.2025386180453
4.57470043348967
1.71351953928727
4.23614804609002
1.86148416261189
1.50231910934165
3.53036203234447
1.51975478388339
1.55171302261229
3.49696594203099
2.61224875708668
2.98808206664594
2.04846746007508
1.67884844384865
2.47640516990774
2.15715369418383
3.3121832957232
2.5947808530031
3.7331192112273
1.80304019888381
1.99252590560975
1.80909956807197
1.51133396597765
1.7169554890009
4.47261166820942
1.86572885735805
1.50218082858098
1.59549258966379
2.4859668431399
1.56020944081258
1.49923187107691
1.69349057267446
2.86820280741361
2.52476424770298
4.65475413751786
