2.45083155794233
3.30848270485649
3.23929193748153
1.7491416000653
1.53606024334684
2.40429916742779
2.68886086868994
2.04287554072843
1.81167646063574
3.46898351752455
4.52827995489436
1.52498048673475
2.00941576551205
1.61135913547752
2.18357856102623
1.51111750729944
1.54643554010033
1.72886664330243
1.91643496394814
2.00382173064227
1.75604490699027
1.65386133700118
2.1170410406529
1.51540851254898
1.88306901894682
3.19359901861277
2.47664348474114
2.24801215641771
3.09549823019949
1.62180762641781
1.95001441466362
4.67460367657089
4.55063136984404
1.61549079741707
4.416599628288
1.50295033255045
1.64385533429877
2.53071977413378
2.21302102425889
2.73343684158341
4.64662518562532
4.0894235422361
1.78089820095432
3.55204842445033
2.1355861688857
1.77181049528386
2.23464639239257
1.8394699495102
1.51507776247307
3.30396998583195
2.17530302560901
4.01713149631919
4.55788378888498
1.86463541695453
1.94602592000097
1.76340924182246
2.54286925739866
2.328124328064
2.70275537572918
2.87202279504469
1.49933335949651
1.7140184961426
4.70656450865081
3.82285807707695
1.50296759384739
4.29619184537393
4.61484918822746
2.14889089729309
1.71928864801919
3.66204665118617
1.60626859377392
3.34034505525055
4.62378816609343
4.60348428377568
2.23455078946434
4.68210706488903
1.74309889658353
1.50310931631427
2.64884100345174
3.39229929372122
4.58287336222751
1.69941125879977
2.17585121012531
3.13350173429673
1.50205812348488
1.62068435143738
1.59561396951877
1.51228448606559
4.19641590422625
1.5373543483785
2.66136253993124
4.26783618584075
4.20983314360552
1.54037653052826
1.58592571103423
2.13283016593832
1.49942418930011
1.52117068173432
3.27547289530459
1.50106698213093
1.68059223982918
1.50161228780808
3.88740160302845
1.8993282971713
3.99503229103127
1.60864460644852
3.29901128781785
2.56085037075565
1.51912382035341
2.30488361734281
3.77192680498815
2.89899642689396
2.38260184763411
3.30480962029553
2.38998776711639
1.49923238070753
1.57620851014804
1.99126653506287
2.27183696220777
2.29149204479919
4.60778924357753
2.05978862345298
1.84179831019575
3.80195651338873
4.4295922466336
1.92604902970139
1.5205836156991
2.17323349009424
1.94457461933738
2.20734117642523
1.8935123892155
1.54761897494405
3.87165504011557
3.13112280682183
3.31289786079775
1.54204310045379
1.52161798890216
1.52862040997392
2.43684838485192
1.80933584109158
1.49914621979839
4.70802247493001
1.54086833962952
1.65022356683174
1.56320399187485
2.5863056553698
1.96119920224879
1.86453659288969
2.77451114090274
1.5284724187719
4.15842919390977
4.15339050840441
2.79703529820449
1.55300595302523
1.94593632404713
4.15719002261645
1.5238288798232
3.93365709482222
1.59920770806896
2.08460829711942
2.48250119228805
1.53637767601074
1.64396562074239
3.45185735734453
1.72131659956325
3.52648436971602
3.24385392491853
1.49983642231414
4.67404963050789
1.57872521351054
1.49896365891853
3.19650704696636
3.99625063891324
2.4912372532676
1.77806227542511
1.77322388741645
4.09515114409049
1.51407797744756
1.58631418538497
2.23070163275765
1.54053429750381
1.85719064349743
2.7460956985902
3.14792693836259
3.11214090186003
2.76012821972545
1.9423912401233
1.66782526318894
4.43160142978984
1.90255957968697
4.5952454888387
4.30846796358416
1.60009834881855
2.80041594990456
1.73657090453229
1.64321151712646
1.65734588748329
2.6701040926923
4.69549238269895
4.01187631570943
2.13936301518279
1.90155247566634
2.30076103450502
1.7805345826508
1.74382452048008
4.47003597490166
4.39742647879829
4.70031862055775
2.34693662524489
4.54201016622385
1.62564356737785
1.50166678667773
4.53239074381807
1.70944294773255
4.37907060539451
2.24849603116848
1.50892134866828
3.80263594380527
1.52111589651689
4.03486653151561
4.16822616805139
2.88735845818304
3.93991944844277
4.61065047892919
4.60124115285162
1.50672695692212
2.74101750327993
1.49997412179968
3.01766428683224
1.76988298175618
2.09814400869822
4.42930175780368
3.29534277902264
2.72145658048294
1.59624348263964
2.48745112043493
2.503072575348
4.70252860940623
1.82834741787413
1.75507681891145
2.56623536286156
1.60753597322024
4.69788789184077
1.66130030735008
3.0900449541614
4.684339977848
1.81330209256704
3.59908024536476
1.66425544680088
2.02709845967133
2.89108002376519
1.54226059758215
2.32043288629119
4.62563798960043
1.51048448143012
1.76822245297955
2.09331381834463
4.68037040852496
2.86836241146064
1.60687160533696
2.45611568251899
1.5401617677353
2.11731104518374
1.50419753347457
2.10094122112416
1.82257995577639
1.69410747473438
1.76776251933827
2.17355835697704
1.56717815882091
2.8879578626629
1.60869645561815
2.00735668102234
1.86273019002516
1.7698728582473
3.68506913693278
2.34975318894752
1.87838605584151
1.83015929752499
1.59804582702391
1.81669643059573
1.5292269836115
2.05319014717481
3.06566427367873
4.69529930411117
1.68420569105722
2.7619014816109
1.73894446856337
2.51641475326437
