1.56479443967719
1.67267059400064
4.35837597263824
4.33214212495792
1.51000082503197
1.89363350232719
1.65734962249706
2.77431182244771
1.81156653981437
1.58264855067916
1.61048971851239
3.47792591628103
4.70337801603325
1.50386306784982
3.89397337196344
1.92739965530134
2.07449883845634
2.25030611891542
1.76815663802765
2.11130545617927
1.77327548064347
1.78311703314068
1.79247105376299
3.18810216640572
2.24046572403592
1.51580733008913
1.86565635338218
3.28966617315343
1.84576526350157
1.52557835533947
1.77223875152016
3.61115420348863
1.94989741242746
1.53337319628362
1.50109057014205
1.5048581501169
1.81183218663918
2.75723193140283
4.01688820900695
1.64290743126895
3.29973294840481
1.90006471225773
2.05877469842397
1.49926301035307
1.8342228605829
1.51344399642144
1.65550569003535
1.619970680418
3.52302258427872
1.60907410278184
2.21060324637167
3.2387397991306
2.73510222470594
1.54074269241183
1.5476895127124
1.61433370789515
1.50871997998926
1.58872362390067
1.76327897989922
3.71599686298105
1.61726532544215
1.57723657480862
2.18069368375494
1.64509564313238
1.83537011752425
1.55202320648117
4.2980928450644
2.35691698505653
1.52431464851731
1.66351586310092
1.49896560545592
1.50816922748266
2.32006212014831
4.08488105613323
2.3519979564229
1.52177098178172
2.905924343128
2.1753142476618
2.73470096586616
2.78377787455266
1.76811636707856
2.11165976027979
2.10814323759583
3.12316520617908
1.7455788900048
2.22596794702175
2.3823782211258
1.58941593625972
2.45799882018207
3.2271295746067
2.45587207704249
2.43715578756065
1.50004785624942
4.19992778369189
2.13294356987564
2.85185060914033
2.12042009814886
2.63172616532334
4.11478600153927
4.70860997000319
4.23678986751399
2.01243162893129
1.58648772396737
3.13297123817146
2.0047313493557
1.53887479033777
4.01546938593281
1.52720663954044
2.2288205232509
1.53077778483095
1.9376376971489
3.90294424463699
1.63983812780244
1.68112002209261
2.00067559002471
1.88690345057661
1.60476113167253
1.52093544394182
1.59575966813321
4.02082132084959
3.47509947246261
3.92021428003976
1.51864828512016
3.43841399055767
1.99856061993987
1.50796721113832
1.50924500021566
1.50314330673051
2.21841539291133
4.68484296663253
1.60985522681302
2.09617403102005
1.61600162998038
1.55224236757348
1.51471731242685
1.50450377395629
1.57912149378488
1.59376443859253
2.18201300957346
1.51370856699114
2.20925356029957
1.65248009684264
1.76983817874472
2.17774465121346
1.58219307351139
1.63077340549588
1.55251077062281
2.55000993742302
1.57654379483033
1.51468781041007
3.06927127477515
1.62638013062091
1.54627350976185
1.49912816699772
4.17630311991517
1.50884684062846
1.628801950997
4.0891087393926
1.6519265050553
2.84326534043786
3.58550905347738
2.99593243910501
2.64440462779314
1.82255596762405
2.14824153434503
1.49908195464745
1.81460373004041
1.52055384279291
2.12788860238435
2.96716000517846
1.53385261753634
1.52098367474987
1.510088245199
3.52802781057995
1.51252738769248
1.51549410546419
1.54354548056138
3.06983801179446
2.10837880999508
1.5160062682894
1.74285260453588
1.50980531016026
1.79374944711422
2.52336759857812
1.69473078335753
3.37825125853162
1.54777375092165
1.53357472279957
3.50161351834677
2.05670158795133
1.49909384182816
1.50661465115002
2.00571442717629
3.67323735055845
1.50200009347084
3.27521640062509
2.24102712355735
1.70140162453744
4.55991107013004
1.59059155604745
1.94574024267993
2.30692200516272
2.00385861984106
1.51703590593561
3.02299741245082
1.53774329524661
2.90215554996408
2.9029486428615
2.7555545323385
2.07527322162716
1.50984579338765
3.8778039063029
4.11672894487432
1.85568637606636
4.48223900476161
1.95987707028143
2.65711985604567
2.18073278544058
4.64755690320706
4.62671414787487
1.96229585347781
2.14196975948827
1.54314833606215
1.66775705817721
1.50842267381803
1.50616334211809
3.3157796639579
2.47102197680451
4.70468387194909
4.45404616114953
1.76705842329274
2.58569814201959
4.20897948911609
4.23325108678324
1.50750360089137
2.08802359036699
3.6718564074804
1.68183821937195
1.72928161781434
1.75860882147048
1.89115088304883
4.55738831992417
1.70540499255783
1.85265729849505
2.17964839444891
3.29220972597803
1.85733397256225
1.73200328867929
1.92977587007598
2.37290804522973
2.34887028883294
1.57017604633706
4.10790407373205
4.69227431634605
1.99003998715564
1.54927421857972
2.07948673393496
1.50186349423254
1.54616655706828
1.64845144457835
1.59852106430726
1.51821583477615
1.50216334578231
3.58416974050869
3.28626350153764
1.51835930966121
1.70704669558788
3.57894471215296
1.95529348036476
1.63354007608907
3.40730374325579
1.64134429002552
2.12196022546442
4.67494395790645
3.66726601634684
4.66630307916668
3.06057465797931
4.35079507763193
3.48720766080119
1.57362259333476
2.98845324354968
1.95078605484025
1.53265158025234
1.61814940185567
4.64388104776201
1.77984665905924
3.97465799226493
2.99584727692843
1.96186687179039
