3.06825244734825
1.58702679304216
2.85900249878653
2.53416218917006
2.77304082871879
1.6399096320496
1.61748789026397
2.05192243103046
3.73250205090021
3.67552317749897
2.35441090586774
1.80710455820331
4.20381276797088
1.90538551873221
2.40029021697559
4.10042918462515
1.50658094837746
1.87120216339336
3.63218395764316
3.26776276430709
2.07868679900991
3.49424746431758
1.50190409994656
1.49896282387781
2.16668952295311
4.04870910355557
1.6195581756592
1.50397935054207
1.76212133955405
1.78334008875119
1.57308469008068
2.61059743670967
2.1780826325003
4.67028888662603
1.76692953136935
1.6292609631349
1.84516112680425
2.28549088260457
2.22420730194146
1.5822641191647
2.21167818886703
1.54226610428319
1.78057190780353
1.53812721775876
1.91043433782629
2.81804600293294
1.56353780422968
4.37463350524243
3.61951007681032
2.61856205572628
4.70823642719049
1.6037628212113
1.95812575339423
2.52077057847254
1.65196852530501
4.51514979696019
1.50663051720713
1.5008908633211
1.59412433266954
1.51638031148199
1.58175324503846
1.72445472207067
2.31072582088555
1.95225247978562
2.31420288490342
3.37162364867652
1.50132139288159
2.79747832106781
2.00575251002771
1.88677144525572
1.70784662686463
2.83700977232619
2.00251055610342
1.87296315202938
1.67265170519632
2.71454269941435
2.60447325538491
1.86877023580184
3.12138984445179
4.47152953390975
1.54660341496767
3.65362443740716
1.54913420364892
1.49983836570032
1.50900467962535
4.59192679212535
2.20548467123333
1.78885938348708
2.75434906083167
3.15294360021859
4.67462436893349
3.81418763252329
1.54145952931573
4.70568265838294
2.5234046856389
1.50023000708532
1.53625922460091
4.24907676603836
2.02304708387069
3.29879447812011
2.39542258517888
2.53493003396497
2.13500484729892
1.83841033215638
2.03075257462083
1.75904859164165
1.72442976755313
1.49981358101918
3.26628805853872
4.5446507035653
2.46616611294937
1.5058012724473
4.18289755748806
2.10189869095096
1.80073734225403
3.83960214122302
1.5061982449937
1.65775409054292
1.54338600733902
4.63717946115972
1.65745452210359
1.50694609722779
3.91034754489099
3.41969915854693
1.64053214349227
4.65100858975384
1.54263083274376
3.97967728984172
4.06982732676029
2.69254872340532
4.0852434845287
4.38746041013658
2.09559296273598
3.22806497863291
2.62052511357114
3.29245597095305
2.27171112541399
1.57011887883261
2.06036667118095
2.98346226033247
2.47988340301731
1.67466683861037
4.16200510583454
2.03448940035188
2.91914890863714
2.37485024612244
4.68376106994249
3.49176456532959
3.47739477437893
1.52886947760499
3.90160261809819
2.43907172694594
1.5034601775873
1.49928854800527
2.31468257145344
3.99179029026671
1.52551645767372
2.69275690995718
1.68556493003516
1.55876698661484
1.53823224515269
1.66990094954011
3.28651636879835
1.55618331369615
4.67650537772091
1.89245227619114
1.77475853134487
1.60852680489767
1.51050769712532
1.51779851784679
2.010207023233
3.16907312765221
1.97721929165496
3.1388780889293
1.85006261739897
1.50122799007036
3.89426475122928
2.54295984124876
1.64922848986553
1.72502908546683
3.76431997504821
2.34631966463488
1.57203287887902
2.35795220800252
4.60448938673377
3.48930943362557
1.54464491625321
4.30186865607174
1.65507608413717
1.5353244707289
2.42902493326692
2.39241316507144
2.98255819542067
4.70772361005826
2.32989571545981
1.50292805201693
1.90801605219758
1.5105752264149
1.74942113445694
2.70473509224859
1.75593487343376
2.95290656448248
4.70768618175828
1.84294458622016
1.53718309379
2.6332509966469
4.49165532986604
1.85078071257812
1.87722098876347
1.51932360940611
1.83052231249887
1.65462914708438
2.64858827637628
1.87834436108227
1.94489511976469
1.77747532414743
2.88490293771035
2.27842812456335
1.50065565167307
1.53558640840899
3.74274532006462
1.5997589105795
2.3147196274508
2.16330791846378
1.50017857881479
1.91915440806014
3.43247763198601
1.57697732048753
1.60485024146917
4.70874117735146
4.21322676301691
3.40661377177795
1.83011127568308
1.55942262555733
1.9269633246006
2.37355565804295
1.81355955226549
1.50136846230189
1.73511227356654
2.81528081724696
1.53988195098762
1.51179949940224
3.34072270046421
2.51573439690349
1.69846263800215
1.92020638373926
1.8231086138332
1.59655396604654
3.91750480693269
1.5355392161018
1.84859819191369
1.68565613291702
1.68963115085069
1.5928779351946
3.30141894432475
2.24907263640491
1.6412962018973
1.78068293890473
4.6971096857328
1.59614776384202
1.72536887129252
1.82091177332623
1.63666253461109
3.33353954230589
1.95593523465286
4.69146109893438
1.69622862242656
1.54498397246754
4.43006122987641
4.47648139818568
3.83547945444543
3.8550388662771
3.24282405649305
2.08668541705477
2.95402244811744
1.51253199416006
2.51039212057431
2.2342263341674
2.11594891006716
1.61292594858471
3.20233183031092
4.13546400144226
1.78251312492729
1.70572815672366
1.50406047192833
2.68976308265637
2.62546586308118
3.81647152634316
2.83869474307414
