1.52373111208014
4.44581723049607
1.76744000976616
1.49936241109974
1.91800470212567
4.24907747416872
1.50438439040761
2.42658457412455
4.47771964519172
4.33264185562106
2.55176126306131
1.66234378286436
1.50359660207799
1.53629150266773
4.12591840538053
2.31667413587416
1.68582505779914
2.24341250826309
1.59269663453102
1.57222684970782
3.22460590154912
2.85712293896051
4.23578188301482
2.02645784756511
1.64352649930841
4.63777242803677
1.81471721227965
3.68011848580555
1.73643040301114
4.69142661925851
1.55561526647234
3.82179564636804
1.5001089381973
2.04854847832395
2.44486176829598
2.14793085580147
1.75294915136493
3.17963728455235
1.67879669240055
3.22215684373381
1.58614798964004
2.10352545916331
1.58699620020721
1.50448635258178
3.27733749661055
4.43661089115213
1.7174682080084
2.6454460454075
4.43056583995188
2.94988625267831
3.19808789970392
1.68679295887833
2.04696868331924
1.84000926087294
4.16583503355074
1.75300495071695
4.69659051136966
1.53824439633533
1.5101920296538
1.67649704631299
1.54065646742406
2.37439743917703
4.06288532223676
1.56161276119388
1.53873493922585
3.7006183269227
1.93280269546809
1.74859200616621
4.05103516899361
2.59647786548511
2.21916661841267
1.85829595350214
2.29871409928985
3.24495070926024
3.03362239624676
1.68210998989209
2.41461926530622
1.53640394811477
1.65082142375036
4.68990632394269
1.61019488012779
1.53309753196267
1.71732977136435
2.28552102926768
3.86846235957001
1.74583338045293
2.35806055325588
1.6605067416445
1.51077120787866
1.50061758329271
4.69656210272331
1.71530957424385
2.11715069337912
1.69785401323363
1.59858769170451
1.83376680857032
2.30044000589599
1.79698119970871
2.06431139014282
4.16219070467827
2.29408315384347
2.70083833539588
1.56564954523856
1.53417796582821
1.99205183677337
3.00657028057557
1.73645067809362
1.63599355162226
1.63851183274963
4.5341583153038
2.337771872731
1.53826390131983
1.96969534822626
1.93170251953544
4.69085740984672
4.35049652032604
4.00928732907699
2.09871705125898
1.49919158464221
1.81807203026769
2.75194705631053
1.60223421822048
2.11487179987545
1.50065285273817
4.68813498301081
2.6440432448578
1.50969748509948
1.57426476787805
2.6383699550371
1.78640893085584
1.62691451407047
3.6149613736972
1.50085583975803
2.21178117098044
1.74440857913605
2.04183863496258
1.95423392297099
3.98474702533391
4.57220357810663
1.90091337109477
2.03785928175517
2.91399734892827
2.4400597657634
1.56198071787981
1.51776190331188
2.18619543710644
1.97339399510462
2.15077062854468
2.14306198861272
1.52090273531492
1.86953455082606
1.77137755678782
1.50097702645191
3.08314581895025
1.73770179612379
2.18249989297047
2.93714868952931
1.92663434441857
4.66308543385219
2.38359744038571
1.56844376035852
4.70298403897988
2.74510605675611
2.15066612684357
1.52314551174364
2.38398077589087
1.70868315784686
1.57735242762734
1.62761764021848
4.68618008458788
1.77498360663926
3.67059114759686
3.23121712219175
2.17412964986337
1.58448690585997
1.50962243350014
1.49989140956038
3.8067936559211
1.82881665012075
4.30353660653605
1.59569756799261
1.53262992831304
3.47875581675
1.5195335627638
1.50559974160926
1.60567114782329
1.53309697669277
1.51375108508469
1.53828132645847
3.26486251531157
2.036487799476
3.69775127008463
1.78680074239686
2.69816860263126
4.26698678811627
3.91446018501676
1.67457661831817
2.67869002933763
4.09202154331098
2.71025496879455
4.70614668144918
4.05704641794033
1.51878384855015
4.56373749183287
4.24891162702467
2.22607710394249
3.06530683393386
1.54301930210475
1.97495759406213
2.11082044794629
2.39385415868505
1.96845358881417
2.77980089800931
2.35269287605043
1.71416851524064
1.58277707669675
2.34465579044446
4.50165405041705
1.55474556923848
4.68736604781112
3.27587562567832
3.98800278935783
1.51714855362978
1.75314687579421
1.77755104606236
1.51361770710946
1.6605257034912
2.14637675406907
1.71140060259107
2.60961828525334
3.96576826751083
2.7927442994435
2.59966252390431
2.90008584698734
3.9666968987156
3.81730272940182
4.53975896087257
1.96825023110958
1.54294450550263
1.51282350449415
2.03603512374746
2.22239433270514
2.30427172162007
1.52633676899241
1.5686672330819
2.10468142683072
1.54334547498677
4.08116467003554
2.30714359494502
1.62874386020131
3.90912858389535
2.95059501138608
1.88881982447034
2.9913220067561
2.50791330427994
2.15213031220737
2.2821189916348
4.39227952254745
2.66110811098762
2.74960058675921
1.51861649572417
1.55795270541781
2.54624920227679
2.34255799989218
4.02404747854124
2.71665770487662
1.58256941987847
4.20952007388469
1.74650188000186
1.72990128920555
1.62673273479839
1.833017746494
1.53730057014581
1.71925830662465
4.53779845557101
3.85594710950736
2.16221479187312
3.12087938199261
1.55440628916576
2.41585701007229
1.52410845769454
2.79604832743803
1.63453958378122
1.59304871912565
2.4940898749821
4.70642954299423
4.21551504029384
1.51628393410774
1.69942040629399
