1.50162542046218
1.53038959323681
1.51875358359989
3.2052890454838
4.68368706162284
1.55039643388741
1.53578416755175
4.68699272062553
2.60853239205494
1.61186019921398
3.3191954468973
1.49941849424502
4.53725849343965
3.04737478727218
1.97663201084192
2.97904024774128
1.57574584949426
1.83768284413633
4.70842218395425
4.43840939128204
1.612824277984
1.5206527150597
2.93888722434255
1.68514294461273
1.68760135431934
1.7204581798683
2.18179974628708
2.54553574256134
4.69324420774696
2.1891743906555
4.7062771232764
2.48529491645179
3.00377748888541
1.56392105936218
3.94044833392495
1.52778913108545
1.79670978054572
1.74630161266263
3.63383921683111
3.3639264476835
1.51778811716861
3.68168169696102
3.0467906119869
3.13517943853451
1.5851999383695
1.56180524339146
3.88450889017818
1.92222496270941
1.58345753117324
1.59159166137762
3.29986533824925
4.63826423470438
1.51006917059007
1.50572012255782
1.75899906403177
2.92404348103832
2.29636397680793
1.64189564824336
1.77819016632431
4.63314502816495
1.52705025004385
1.50282379946735
4.43990189995339
4.70454968100952
2.33366490985567
1.50133707949769
1.64754236725453
1.50362053555094
1.92750153920025
2.73803426662052
1.50652450588995
1.63947807135437
1.49974266623763
1.53767486721011
2.42547001894544
4.48416207922951
1.49901147124993
1.60372111259381
2.7960546831316
1.63070797832798
1.51178381864319
2.32539923859187
2.61447601947137
3.75373719619401
3.91409152771281
1.74574843919877
1.50691301262733
4.67665173291133
2.51031998486726
1.51414276532393
2.0451792530339
4.46512568104851
4.6809104391551
2.24486454179468
1.76954303719965
3.24066180241415
1.50797307050193
2.98217049416382
1.50653956559051
3.94585173098337
2.69279453737823
2.151307874934
1.81766155920372
4.49719691681463
1.71410304400023
3.70674009350431
2.05639975020561
2.45519723503884
3.23524220651449
1.5873951511842
2.04668369366948
4.53848696507127
1.7005208224927
2.15153494612159
4.66437384374996
1.62177621319027
1.56792589182539
4.70859444228666
2.56487653339556
1.74125284261895
1.75674929825353
3.38223395592857
1.93777599404245
1.78288990903072
3.72306999705636
4.55967896571344
1.56806108770927
1.60357685621633
3.31374787790994
3.3435671641507
1.7661009004786
4.27837924544427
4.61480172424995
4.19431555785737
2.13512762604771
2.02348762138894
2.78167487319697
2.17264108185098
2.44020120395963
1.97946813176877
1.52837895381525
1.75256147211826
1.61437886291565
3.17637425506446
1.58302193223833
4.62953075502365
1.53711901413881
1.57537117330617
1.651217499613
2.19930217907983
2.64600429249943
4.69875148554464
2.49428182614034
3.14611676270686
1.52032485491422
1.74113552507744
1.83538315573682
3.55876618086385
1.85338979256924
1.94254570800014
3.17791961965394
2.59636604057107
4.32545550818975
4.34186534007228
1.67674577265718
1.68751104010207
1.63412118066819
3.53868113527632
2.03724052114354
1.60294551755689
1.98588953844116
3.10619003566808
1.91261952352408
1.74627395547587
2.68087944646774
2.21010913298142
1.87624495106968
1.50164149446295
2.01438901718653
4.64184489413042
2.41018844996216
2.6677217903284
1.76333460674209
4.70629560667673
1.5439723894323
1.60834718546273
1.79114681523323
2.66238248381924
3.89945567204315
1.68331061232503
2.61528857219569
2.40030287045277
2.21582887514112
3.99682703880652
1.5516168598778
1.65035550451191
3.06756416145111
4.18473699638057
4.56536032769799
1.7144696638544
2.55629146021746
1.50092347601285
1.53910570502287
1.55128260094176
3.82994408317492
4.63845065084558
1.55179934552353
1.49908184771093
1.54742333288182
1.72128423365947
1.52360939689281
4.62638838635311
2.37981350514425
1.65521612507853
1.99092632649384
1.74579395599793
1.49899682978362
1.51241875611782
2.36554915883926
2.73486843812178
3.45956209160334
2.28048925256242
4.53076750079767
3.39112663067306
4.28422789407006
3.8918900135108
4.43912860920926
3.56704668665533
3.97010882588418
3.91160882069193
1.50287439017382
2.77133420103973
2.09518320051113
2.40580372214225
1.53489085252515
1.66248898684513
1.64153043678699
2.84393333749568
2.11462415864402
3.36569741236249
2.10333091459926
1.68305870865219
1.53518239880417
1.58521172941264
1.50285535586783
1.55762129755918
1.50311133564183
2.54741124642427
4.49795894058621
1.72644632091377
1.95487879640857
1.83284122703684
2.06809464125419
1.53122110020405
1.86905213842958
3.39574687779119
3.03906863351396
2.59819483330274
1.5371568963849
1.72628007241144
2.15257728010245
2.83250921515349
4.29726219642343
1.80849776257286
1.79368261432414
4.58421809677273
4.6943708521603
1.62391250357298
2.44363229401874
1.50288607584911
1.55565260404853
2.70391581937686
2.28414887731269
2.2685030691224
4.70095059058749
3.89180925129107
1.90868958679738
1.52130703018512
1.58248390643913
3.49441490175836
1.95944657463437
1.62595662472956
1.79195457314076
1.52497690557621
1.82397448932618
2.0431788588386
2.23516770647365
1.78313359577642
2.22848109095074
