2.1744126939038
4.65477767940809
1.50761847849208
2.63448277222496
1.9677120193284
2.52044946697921
3.9385212857396
2.67440970737338
2.2895790803178
1.75970089530736
1.54393615634864
2.05590383694901
1.50982293748948
4.38623585841561
2.54436206032764
1.70593518585088
1.51236699046475
3.53786973623893
1.50215263116353
1.78421959765144
1.56145914223986
2.09593693451337
1.66204223354944
3.45159261217032
3.99766872626046
1.9478050520045
1.61351173748948
1.75293984620369
1.50020711589604
1.53225987496424
1.81771931417593
1.61948367119841
3.89129362487462
1.9283523143352
1.87822735273441
1.60111656826482
1.68965043495128
1.99420655256605
2.161636046214
1.74331974794692
1.72106972381551
2.00246125927443
1.53328972612956
2.11171988777465
1.68463076015147
2.37793016481111
1.76547062257647
1.50314843626671
2.94959281675955
1.98540684547602
1.92097865390019
1.50334716689467
1.52038606060893
2.06487599676679
4.70759182837059
2.08036031184258
1.60196443918239
2.59727775548002
4.6917658825927
1.70644653971161
2.19870816452305
3.50500900114217
1.57162923356231
1.52121013581309
4.58892959675869
1.99815309767478
1.85145615497027
3.12787776118794
2.09493462457453
1.82547642858746
1.53031089234805
1.55446993900665
3.6054138342065
3.61659200376054
1.87202668985599
1.57753300992177
1.96467575715108
1.57361724723268
4.56286808660252
1.74965263214186
4.54363316613146
1.8732452288647
1.77074271485933
1.50242356424169
2.74258181390182
4.51903451537663
4.70871526751086
3.99804873053222
1.92572988029366
1.75407992661971
1.63279788985208
1.71372780163038
1.54692585865451
3.44530140312252
2.59430355402853
1.78525689923223
1.55693381526589
1.57146776967092
4.40403516120808
3.41911296280452
1.61618684962084
1.75529703859008
3.70897352499486
2.67264174877246
2.09937195989399
1.55253684380478
2.13326997793637
1.49988071311201
2.38802983104235
1.49916533585582
4.64852732494253
2.12082711756649
2.32969333612274
2.15320697395283
4.39925361712476
2.0496316615115
3.05313133574425
3.11261000019752
2.0376045961791
1.51449415550638
4.26310005170928
2.41021799431527
1.59643929437186
1.71229279359179
2.19277399532859
1.60767435504597
3.22895909404013
1.9239951985456
1.69095777178615
3.01979067826371
1.50865452461748
4.66890459784862
3.58854825249865
1.97582825975553
3.9319735013362
3.8059235058434
2.53544536874862
2.69096597918152
1.66038217069591
2.11110933041287
1.77236433843562
3.60854952045319
3.42357950220408
3.25305519891419
4.70478897735155
4.70459077487807
1.49897891044683
3.56063930173893
1.55821417322307
3.68799379059898
2.30289951776816
2.18348719896708
3.92949121963177
3.90539842649547
4.6053073653229
1.52221469259667
1.59038494403395
4.48488011552778
1.51131896524749
4.38290915680819
1.6332133330234
1.55378611028856
1.54626020168553
1.76172921958777
2.15056693374551
4.65284212018815
4.68481975662807
2.92750548219426
1.78588064136775
1.58304581413993
2.03994230793607
1.82161353948289
1.53269383126373
1.61038688567181
1.61567299151065
1.75852599090205
1.57646356653113
1.52253657688566
1.50214106731144
2.32628211364037
2.81652713606781
2.97008883818475
1.66298129463794
1.63836343258726
1.89166315630555
4.57665520961363
1.63179910744812
2.20541801383804
2.24507413086612
3.45609413733445
1.65539246003573
1.53536242945842
2.15234466773953
2.62557846784501
4.40513607747975
2.51980519932144
1.56879677731712
2.2954799222449
2.49347281077264
3.64780547113098
4.66079417233362
4.66848332720021
1.49896237049077
3.34508974602504
1.58683718944024
3.63195094791675
2.05602294973264
4.16954004318915
1.52454318365935
1.63303531049224
1.80736081704542
1.92914265728482
2.76879080336745
3.89688486421921
4.66026790116266
1.50132137208331
2.93100335421787
1.51700288428378
4.43674778538643
1.50128339589296
1.50154529249396
1.77594441309595
1.82349635368772
2.00014847294147
4.22136983879602
2.70138778878237
1.60185778395257
1.51451651927994
3.0354158186076
1.50670448193926
3.47421892075263
1.66920419387134
4.44453838566115
2.45538328412454
4.16983843479741
1.63041190873046
4.036598740277
4.68794390948968
2.93188116233035
1.63044556634875
1.53578512599686
1.62230671609889
1.60261640865697
1.61219123019692
2.59719471317972
2.15642518487695
2.45384355993806
3.08726448499462
1.81211478468533
1.59947119309797
4.51707256537704
3.34093078921311
1.54331634367274
1.80567975944908
2.62881658898853
1.51462753593851
1.57506152547644
3.60992066065744
1.58667846393258
4.67759874168266
1.5742429337532
3.07314108412373
1.84233586615576
1.73994819694056
1.54429012571422
4.50880584808301
1.57179458853529
1.52803190951003
1.65608976207277
1.58341900451438
3.40194484269776
3.78322750306006
1.96406913318389
1.51802138212478
2.17406740530376
1.80973868962717
1.54026651820542
2.54479576289092
1.64730422967026
1.50576468560878
1.60469814185721
1.83755847988094
4.32310393786667
3.42004221476448
2.05533080134119
3.35221127735512
1.54487530581251
2.90222808301593
1.86118723347918
