1.50637214188098
1.68086360504147
2.27878147834943
2.20550633939547
1.81169470889485
1.64752012675216
4.7010861273744
1.89281665196575
1.82055131468985
2.64935489237192
4.60739468998485
4.47781016505456
1.5836921752268
1.81046864155383
4.70758981176403
1.99582800121831
2.52206863557921
1.50577073928367
2.35007049599369
2.63203414358203
2.340354801254
1.50017159838181
1.61230078721231
1.64552668399014
4.57434030002185
3.89171266574126
1.55126118534825
1.50284451409439
2.0878663453584
2.22130478818581
4.04716778545096
2.95270947469776
1.51402194484571
2.78658371793808
1.57123046730192
1.60558898740605
1.99678092671088
1.85021539994645
1.54962934074278
2.15718485034443
2.28755524391138
3.1214628648709
4.10638551449113
3.95961661953263
3.96672344500756
4.22425738132117
1.51231386723416
2.72234961366468
2.16120723447054
2.35241514901668
1.50633080047907
1.80544941157794
2.51443005546539
1.50923598284135
4.22308840645441
1.50307536679327
1.95674284269408
4.50721640661712
2.7108328647738
1.54097546561394
1.63374399290881
1.57605239803927
2.31208803503968
1.57032240970061
1.83493915394759
2.55513266643709
1.76496195051584
4.262025422049
1.78233250915685
1.54110926981998
4.05892712881322
1.50350362100837
1.50616632357882
2.84904509212418
2.05277954075911
2.22630492608363
2.03161140863366
2.73239465206869
4.50042663821524
1.51933387049243
1.50143980752107
1.9952095514714
3.58624909015473
1.57542628822656
1.50880781181658
3.8354845547369
4.70876631196307
4.50098001459974
1.77080087661309
2.88709428990829
2.9494360968421
2.55481515200307
1.5571129879316
4.70497232903823
4.52406625341736
3.81288788207127
3.05613825338578
3.16275601142106
1.59510076533265
1.54952336709688
1.91777295318269
2.83978450601612
1.71872511733843
1.80470928522025
1.50513353674095
1.58736122114286
2.7537640361402
1.49986306596536
3.50016417024831
1.73718915186629
1.55069839992422
1.80574824832789
2.94607514895297
1.73688161947943
2.74907424229633
1.79922782907509
1.89126818268777
1.64882062521451
3.3102428959677
3.29487237934339
3.75403064640785
3.7706134988996
2.93025433126147
1.5993054706065
4.42472134000689
3.42649378645658
1.74597084045557
2.95668004773614
3.40943419746462
2.20663101649233
2.03053736862453
1.58934997070692
4.67583923034323
1.49984156949446
2.77160247227753
1.73242818706843
1.82652338385782
1.68569170039353
1.83834889020084
1.61459479276343
1.8087808946799
3.44838303527906
1.54348649662216
1.50382624435659
1.73387666849225
1.91017697025019
1.76844246839203
2.48102420170214
2.29793679963857
2.20795058602978
4.44793481550888
2.52195042268273
1.509124437077
4.70598690714962
1.56794379323263
1.5376006491766
1.72503836639877
1.53497531886851
1.63043014016584
1.75518120459492
1.86842442610967
3.18301710581409
2.92227553641277
2.76104932909297
1.60901027212853
3.22002196491233
1.50092630774521
3.48999061270519
2.48522955366386
1.78456797497642
4.70307553825073
2.05824419012822
3.63481464117025
1.50342888364196
1.59299615678314
1.8833519352554
1.58761503076047
2.56891726745189
1.64126978867221
1.62937750954309
3.74315272209701
3.19380794081366
2.6925858718206
1.60133405139263
3.69572961850401
1.51330543486852
1.66667982307434
3.90820045425478
1.79933308011424
1.58427125727592
1.53265464852886
1.99175876607645
1.76668675581619
4.27313501051196
3.99223521788611
1.52877251834954
4.4463688076059
2.06327626902395
1.52218939661244
1.5003177272178
1.66150250576386
1.50332161292435
1.86427047144051
2.45848569173848
1.52575233038226
2.23413124110874
2.33736589652263
3.04124192294591
3.16786667020121
1.92222758779495
4.07402230465951
1.95992397074928
1.68440052625835
3.9521879002918
1.70704398342581
1.77169021197502
3.38876074884418
4.70704856709517
1.53779719798763
1.54422220471076
4.66313044219004
3.41334935495913
1.90912964525597
2.20482023767927
2.60282628861622
2.09533463717755
1.54790584777906
4.22407174660374
2.71194183416296
2.52223102366291
1.77040035143943
1.50026946160929
3.6862104810269
1.6696066530691
1.63131397788928
1.73796364496206
2.21182275299432
1.53579209144369
1.72512762752242
4.53345932525771
2.13420065314841
1.51682381393744
2.37182487343581
4.47431459235916
2.08665221550873
1.50109811085523
2.7493241583092
1.81082670175616
1.52307557701621
2.71257488023523
3.74862431796907
1.9959405112986
1.54198208916241
1.80649919136408
2.49675119749195
1.5112792742802
3.0791348730359
2.23327730306083
4.56832447511428
1.52330899554685
1.5836270830551
3.19398168417335
1.50796530186267
1.53191597872158
1.64952807469521
2.87735451550768
1.50472120815427
1.87766998979514
3.28881776126051
2.86755552237403
1.81818840245673
4.49978177104833
2.34888206552194
4.50702436018894
2.9572117401284
1.49925607319225
1.50044143044163
1.50011622015507
2.61181040822655
2.19434244181658
1.64573586942844
1.75779745864141
2.83483508630805
2.05632570043949
2.62717732463233
3.71218170697329
2.9197884177695
1.51568976878022
3.34409727432845
