1.74798641607645
2.63693523125121
1.5670831812445
3.01160787015013
1.84781016772374
1.57351250142129
1.60853722802795
3.56939680412871
4.67764915767977
1.49995776228541
4.64719308042585
4.70506283951528
2.67164501074594
4.36848794341495
2.09581803269736
1.71190509397216
3.65583067156203
1.53090941791416
3.20472401572247
1.53149676895701
2.23605729155822
1.50037828467464
2.56016129146714
1.76704953425771
1.50642016579145
2.63043598529432
3.86070456519311
2.05607068988311
1.58021634156847
1.49948106696175
1.66980598749368
1.58321526888258
1.8132147214853
4.61629907724953
4.22742813203545
2.6730274265968
4.52718238565025
2.68605264429076
1.51986088182556
1.51728582440076
2.06815766258504
1.83650254921254
1.49954478376461
1.90823844213409
2.33415322118945
1.5873773741229
3.86204459638081
3.13068072463217
1.87791837333049
2.83070631083849
1.50946406591776
2.52247536585286
2.131973928973
1.50235040835167
4.01656653348296
1.74657231382213
1.49897994757924
1.84857021564083
1.51193827966372
2.0692552739403
3.92759378432455
1.7184293767924
1.72925176890429
1.57388353131976
3.471202345618
2.23248288687896
1.9402124901576
3.07529740858309
4.05258734033406
2.04775033066172
1.55185331980363
1.50010267427256
1.51694030059166
4.48854099194981
1.50235408551312
1.55335966544656
1.61374932608343
3.60274172536222
1.53714858388975
3.98380339380125
1.51345395500596
4.68464136670219
2.6331965492953
1.67952372098629
4.44181741368517
1.51648561865056
2.15931828877693
1.87335484619983
1.64831936904787
1.53287259037316
2.35716294827974
1.49906532804113
3.42264603415239
3.73077647961924
3.57621622045949
4.20406163332816
4.66113159052498
1.82872165806119
1.56161699943784
3.141878666968
1.98272521699523
3.41938980576507
4.68837158786618
1.49975542390065
1.89925018170166
3.66333029884146
3.96989823682927
1.55339460011221
1.60916774407206
1.5425511975336
1.5024539418996
1.7537276231003
1.73041289909623
1.82570398639381
1.64997292719914
1.79979581525841
2.41718786252741
1.86610949739097
2.41716419202033
1.51310773315144
1.99448884706685
2.1389471402426
1.62441490827482
1.62910620319399
4.6100660109629
1.76685506110146
1.50514261596486
1.49911024240579
3.78106512814427
3.79802817526262
1.80324217786456
1.50169185947047
1.49945341942537
4.18909500114725
1.55375360750877
3.27059431970189
2.48218187679638
1.52085882030629
1.50225148408861
4.56033142750189
1.51436636018308
1.67232922581259
3.5100470041864
2.59536849401829
4.4104356456544
2.33893875811067
2.76311179347211
1.54338442681679
1.5036194506702
4.66053639346392
1.52652431100496
1.66780541941406
1.75732757505336
3.64154100131058
1.86397428696411
1.7696933173274
1.87526207384463
2.21792535892015
1.82093806193043
1.70107389307438
1.77737394421898
1.63193341807883
3.9200992774629
4.45468045037067
4.43887031628208
1.85954606908998
1.51400496758795
3.77104016514764
2.78510517474775
1.61229381419822
2.66159614262542
1.85736219098901
1.49923237707996
4.70478243282724
1.674006200452
3.30963266094093
3.21037742898279
1.92398694161795
3.48821427727143
1.5344855432555
1.50172440391559
3.10389905151017
2.2686844446357
1.94608880722455
2.40757195515048
1.62230105103989
1.51623399598055
1.55847742392337
3.9793810983025
1.53309626890117
1.55472240136749
4.37435298194555
4.33678241595493
1.72297136975984
3.04458163779483
1.76269210059938
2.30105536833472
1.50425056136633
2.25920645338373
2.84585268258825
2.1943209577712
3.44475888983396
1.94090188138698
1.50993579313195
1.56432119444213
2.2903159259461
1.76931326463979
1.58001696879167
1.7351189679003
4.00994037637696
1.52461473831196
4.6573949157336
1.63786795950489
4.65774445006032
1.49995071534097
1.62978174932021
3.89772873031704
3.06302468081204
4.69803249500227
2.5240834290342
3.51608132630756
2.22817625595757
4.58352383767152
2.43797574744712
2.68898701132999
1.51912353114005
3.58782637079813
1.50286909156493
2.65292606148412
1.52832950725132
2.06814988837413
1.52811079206889
1.86171775380597
1.65701444449106
2.28528266270114
1.81138004583223
3.76440170723945
4.63090580446673
1.5510599620712
1.93069756624485
1.52215627820114
4.48983981472014
4.67897384638882
2.12044909774992
2.537401122007
1.55426496810235
1.50080621804167
3.53816045334981
2.09260442391732
2.72775480640498
3.95389417881458
2.06873252925166
1.68985382271596
1.59395499586419
1.62148464834974
2.72237331981686
2.3186227548535
1.80396568818112
2.52208568721872
1.8826544439935
1.50155000657596
1.73128975261144
2.27207316467134
2.12609302066285
1.54247478827511
2.2032529835987
1.81863310539251
3.81007151619352
1.5541359222375
2.26774531080175
1.69480592571719
2.44500295609608
1.49913977858197
1.5016899647169
1.73803223512027
1.9628901263195
1.52172770553628
1.49978341509088
1.65264690887238
1.50381636802012
2.42164878238753
2.96242835237873
3.14819993820551
1.6224974768833
1.51216314950674
4.26617183796074
1.57018867654683
1.70366396449385
1.92200978223006
