1.73807257822667
1.65557020327771
3.47127694915819
1.67342056922063
2.74485258792016
1.69894693329421
1.50300835259804
3.40797001050058
1.9645607874334
3.8524992662469
1.97200648802245
1.68846462931835
1.51078310984278
1.70591505408849
1.50199411951091
1.51894632993711
1.84532887304187
2.11935913297198
3.14246749272642
1.83357921978128
2.3897419467383
2.2919502268193
4.44217346328886
2.90117943123654
2.11609370836675
1.91811255090014
3.79967999276844
1.58712384478938
1.8347361592219
1.50695945695219
2.06625255674919
1.59556182453064
2.5512977872231
1.49984078460081
2.99909350078225
1.73097373432009
1.74555129136551
1.81671650288502
1.84704987314812
4.59659592481461
1.82505050334359
2.07843919920728
3.1865210042377
2.82545247858199
4.40453898554544
4.59398264133622
1.51434406517672
4.33498552091451
4.00350292468147
1.58339559891591
1.51118030704397
2.64765939788155
3.66466361978384
1.50678541287591
1.50242708025911
2.36896662264078
4.22984367962099
4.50899954580956
1.50530676407899
1.64046722449549
1.65862369988081
1.62922116680358
1.87463349562049
4.69207464099088
1.50232541926447
1.64427349575864
1.50043764504023
4.68880952683925
2.03462238118417
2.00919517235234
3.39837801422411
3.59865701524078
2.28866286666316
3.67183255870177
1.51970210742531
1.55304076376012
1.53369587581482
1.63934673210121
4.01140923328004
2.89363923077774
2.47958188695836
1.5027393158895
1.50247585496962
1.52056217649884
4.61862384753156
1.70716448884851
3.79299626769281
2.08321205484778
2.02713454642703
4.13910134284068
1.7847509679535
1.65033332354652
1.58367496377503
1.58132410064141
3.40174322579313
4.57136391795449
1.52756056386096
3.72144288536926
2.68203437833552
1.5984659413203
1.7093901038081
1.57172216024684
2.26237761701013
1.50016978317709
1.85649320594592
2.2022819694851
1.52399486612206
2.25362971211718
1.76313704131044
1.52387868232865
2.71403705335623
4.56292390328655
1.56188755636641
1.56584973699697
4.53266599291232
2.45147005747692
1.52857286310941
1.76510401743015
3.73184455883631
1.80236417552674
3.58886793645149
1.49956935584123
1.66976342253623
4.59314840901254
2.02760286286651
4.7057004968879
4.39420717463782
2.81451935958988
1.55106137149872
1.55969551860697
1.59761857887352
2.97656365957972
4.64843257366184
2.65968260085021
1.74649667835206
1.67697267849007
2.87047235301821
2.56400757142863
2.00830683087785
2.74132725526824
1.54939059935481
1.59995953638
1.63768104631291
4.019823302353
1.49906797874181
2.16689780680297
1.73097455927876
4.62421848447427
1.53088752637403
2.05630811902087
1.67989630726005
2.45188620990628
3.2333049986989
1.49914064286106
1.82464980508379
2.80960865092086
2.04095224517487
1.52882593884372
2.63548914177016
3.65837635175682
2.71449377627662
1.56658078127254
2.77709702075408
4.02346807539208
1.8738718090712
1.95667884804208
2.82886599082904
2.43584775022111
1.77786800193591
2.23188785008027
2.36713435879682
3.19877574891503
2.99726374658059
2.53517185707076
2.14250972179509
1.52171296349714
2.08522637286045
4.39749152397394
1.88252386708627
1.5860479732614
2.3847877201355
4.64655231761194
1.61286112983322
1.5210767632084
1.70664833290838
1.50800835278808
1.51422874631846
2.23731443336336
4.09552149707182
1.62047067108648
1.50127883920167
2.45969191085601
1.7063518799057
1.50551591627778
1.55396954340319
1.59089412160991
2.4292207001486
1.76255929099559
4.25908732635631
1.71836398753268
1.53509893615278
1.50962875025211
2.23051527486206
1.61943193079561
4.181573762737
1.85039662902952
2.1246258400923
1.50454732683137
1.51344247907504
2.02169183278555
1.61617371654412
1.80556574123869
1.49903110419815
3.41082225856215
1.55567205465224
3.77801615438877
1.84366008502761
1.64881817310667
3.93851707797496
2.34362988929617
1.94984167233394
1.50279828391411
1.97964261328983
2.12266860182571
1.60144599138357
1.52829968390115
1.8087862974503
1.64143863140278
4.65166521828036
1.79177201868977
2.65769009336429
3.39022435838984
1.6735642194919
1.72029310878881
1.59382220355767
4.69090378447919
4.5998911831638
4.61983423336139
1.5064975798902
3.17030572959419
1.66415232802693
2.28502583546659
4.47555021068994
1.68468357404491
1.98277963762572
1.54269045989423
1.97419445749627
2.45458559048882
2.10403810366767
1.55691502779799
1.50319617381584
1.50638711072561
2.84870520134123
3.72804587481611
2.72713356516582
4.62715745683666
4.4458924866295
1.51510406685882
4.46758983864322
4.70459043445125
4.24558280209944
1.67227087835907
1.67330048375876
1.73189133444264
2.14949592085166
1.5521235504086
1.60966592806687
2.1938823062997
2.20494899707378
1.95598997437138
2.24646804662011
1.68062195249966
3.50380220533967
3.153209846752
2.33295564477589
1.75347423380082
1.5959803535877
2.11950151116847
1.98743520864719
2.09165188749494
2.31907702416124
1.60072359081045
1.49896248254289
3.08966763660845
2.35972884430922
1.60929321169448
1.80915245408002
3.80632080299142
2.34047616690349
