4.38026801347783
2.48143704514237
1.52616132867462
1.77303606445658
1.83173052249501
2.95761251860366
1.50063020276511
1.56924969511099
1.6448940526415
4.62272100279726
3.09926098673446
1.71608300744119
4.62064136572202
1.56058228265159
3.64492476514284
2.18530220629748
1.95744678440956
1.56036416990342
4.62358178559448
1.56100279912228
1.55837241586345
3.50982787915337
2.31567322570392
4.6063920518554
1.50967992072869
1.6869684532264
1.52423722590474
3.25757914265054
2.05837457156604
2.72295622796367
2.20204132170726
3.4060730824689
4.7085033755093
3.07798214251093
1.90201352437295
4.04515617595975
1.52352410587656
2.58165757023109
1.57173244241603
3.44316381572476
4.1673912975653
3.15652546154268
4.70863487882377
3.01554485455948
4.32542058295552
1.97988064124424
1.94150273968265
1.51896051366201
1.5594635523031
2.72171079609117
2.01232074331934
2.01534393925752
1.90596186380477
2.00012406302303
1.54448659898716
2.38617466474743
4.68984935724384
1.60042961310817
2.11586646730534
1.52391801082607
2.60266969740928
4.70649211866178
1.50169558009274
4.63407075556858
4.27787590867029
4.70401660316412
1.71456759506067
1.50338596246239
3.52730269170902
3.57931065111741
1.50375851207768
1.82751013150555
2.86424516891397
1.61886609092129
3.87177933924065
1.61548408911195
1.86582214596201
1.98735997360861
3.47600392212761
2.76145876879404
1.98233006935677
1.98504941712791
3.8240385181492
3.6609272307579
1.49962715466702
1.52280167620686
3.3346675371274
1.89350255252297
1.5048938093874
1.50056353816077
4.70769206146713
4.24003973089612
2.09387364539998
2.23111586067206
1.5097040147821
1.50604185456141
1.52054880770038
2.4929130047527
1.84895764185719
4.63765883539883
3.65075081055881
1.56074437765332
1.68273040844087
1.54010267373461
4.3219074643678
1.86165732966973
1.62223579931944
4.61661752579432
3.07817766358332
2.24476407171426
1.52373800590567
1.50377742264052
1.9240557976541
1.84415794391336
3.270118844877
1.52722945196237
1.7293585187071
4.37536327097244
2.0570917149175
2.71326250035411
1.5831171093683
1.53898759474474
1.5067063092871
4.53761938279343
1.59016217296001
1.84145998128941
2.30100247271623
1.68202669914226
2.41036323074247
1.67219677176904
1.72379562561231
1.95051213597762
3.59700871135473
1.7800275272732
4.29481320690257
1.56078041737355
2.39708379534173
2.68518223696493
2.17746905784414
1.52321732867784
1.94906866668038
1.78103898014556
2.56075130907551
2.68332665151467
3.19070701260326
1.50150610362233
2.760931050565
1.5597008182742
1.92295112594051
1.57345655596855
1.49939604089339
2.70555105648458
3.74776791060966
1.61221029757515
3.01943904513365
2.50860601387376
3.63186372012777
1.57907115414224
3.96156720938351
2.40298621442718
1.86602931193894
1.55347818650418
3.98523949970727
1.49930386954953
1.53752897928737
2.83706387639158
3.13102044400305
1.52755520970643
4.3999037011422
3.92462799514724
3.25450911465256
1.64472792700642
1.55264164672343
4.20926928561983
2.59824567227505
3.54982198664994
4.65678490547811
2.82114382836503
1.93275227062978
4.47761949034325
1.66110442920874
4.70286070043165
1.76692484352082
1.69859765880139
1.5200909325193
4.16960085759342
3.98305676796828
1.50157724636858
1.85474584103388
1.867643970826
1.77145243053685
1.54408101371067
4.12059936790829
1.86275182207739
2.40250645983457
2.39479308775819
4.70036114519367
2.56618044205935
2.08700910243195
2.54782134300142
2.49559663822797
3.41029165707162
1.52862807007371
2.21661408496479
2.92996097906882
2.18538750978171
1.5920414510888
3.47864443174254
1.66127857040302
1.53242174381692
2.30905299874514
1.80958981619228
1.50334895944206
2.79702219170994
4.09968774821949
2.05028921408495
2.00778383546416
1.52610679317757
1.99745976321239
2.82568679789265
1.51048041081911
2.72966253759156
1.52020833191658
1.85650230319056
4.70017067850367
1.67287242306568
4.57156956737377
1.99251310869707
2.15522234882841
2.20225901853103
1.49948064337508
2.62291345601483
4.17513433097522
4.69899911767479
1.49896613045772
1.51483131273337
2.01134481894047
1.76736103392275
3.73050026604402
4.53680438220134
2.93853434469395
1.54473673643327
3.47716875277675
1.63859796289791
1.84631128752121
2.25573111424961
1.98057607822986
4.6939956086129
1.53478613813595
2.47262296447164
4.58578328936164
1.73865602163986
1.76405877487872
1.95929641814416
1.51450822856407
2.49073132626808
2.12449734023204
1.51674580079684
3.22278212600871
2.96085023432182
1.79710256280974
4.55190487813874
1.60363634513795
1.66036448148278
1.69124384892122
2.35285080789878
2.19904173507091
3.8439896730699
3.0694480947743
3.21810519282059
1.71224558556825
4.41223219786565
2.22667661591255
3.3288849284334
1.52661780234156
1.82989403337771
3.47702398887865
1.78221764616924
3.4289687955336
1.52147326965679
1.49976683119512
1.72475776082368
1.49900294614805
1.52385842961755
1.55082051007944
1.59393194122012
1.90308921784256
1.86658113166908
2.58753881649609
