1.50775905891693
1.51273171421439
1.51134810321987
2.31164835124084
3.45713954332437
3.66989288503806
2.2438773813165
1.86550103125213
4.52736190075348
1.54721142574585
2.33977763012131
3.46351416675365
3.48304770824766
1.60121743853101
1.73024364734456
1.50016791618909
1.50447618828095
4.19552962128271
1.6993874355852
1.96053923347117
1.85379850792607
4.40884324919686
2.5224149613843
1.55945108781282
2.13011990547532
2.3536896238241
1.59160966468271
2.82356556570118
2.94381761278575
2.30640729818102
1.56782810472883
1.51023886771458
2.60581797677983
3.52061252493245
1.55109641941356
4.46627817841731
1.50340382618387
1.51369292369778
1.89294289989675
4.12453411491023
1.94933549713689
2.61976771970748
1.60610688207215
1.50095760908151
2.07167835629996
1.84098858795294
3.8336663736313
3.22403016320511
1.52908944131576
3.77125334570558
2.9062953816239
1.89414179956505
4.4808447410837
4.49865925173053
3.19021796964627
1.52176232512614
2.03218524292534
2.39620708956677
1.54456601664406
1.56855902479246
3.53174768649077
3.08789775711392
3.14780896789269
2.02097303759681
1.76126057465821
3.19110083838879
1.8076875166202
1.53834245815917
2.03771654647545
2.34490930171303
3.56362327031886
2.59841319286664
1.54030126132255
3.15749233908141
1.6375364408574
1.52702580099315
2.77331598673626
1.50868677955865
3.01274029538659
1.67857646843376
1.53835503740784
2.07257319114083
1.98330211511423
1.49917726181049
3.60782952157605
1.55962037295988
1.555389894442
1.6602449072824
1.70615869171119
2.4223699408429
2.0941162909704
1.55030043622613
2.51499326992713
4.33333179876494
1.74682177050926
1.52992654871435
2.62448457639124
3.91806388788667
1.86377321950008
1.66221304065757
1.53722790573415
4.67002327015198
1.78872497204214
3.36073197205576
3.48186828009239
4.6267375187238
1.5052854164338
1.77792734651062
1.97812011855018
3.40130577772573
1.66402264711124
1.9166249014725
2.45303586363344
3.40539149705646
2.05316729330666
1.75508543132972
1.60638948839174
1.50860605484903
1.54782818651523
1.93893574824781
3.09193908945457
4.26506369736464
3.18956159335305
1.52819644390436
3.15900067766816
1.72092762402549
2.1943779431247
4.69718397639768
2.87519825700286
4.32469067735435
2.46765263100903
1.5214895287643
2.19883786248256
1.50794810836751
1.49944709617123
1.83571435533048
1.52783997081753
3.84357271244262
4.40663328453359
2.01772183408579
1.64466830549547
2.54925543314502
2.44301652942804
4.38946116472946
1.64936580832872
1.96493192303663
1.88430139025106
4.09960576908272
2.1978255759158
1.65773920363658
2.27915831646342
3.66601916511375
4.47046032643056
2.80500823622639
2.62059924164744
1.70010884222053
2.12720672759091
3.30571534004969
3.28449467389042
2.87532843125563
1.51225314504906
1.57027329751826
1.51027323527458
1.51763882167095
1.71794591110733
2.09480713168334
1.97535233390048
1.75468333234342
1.520031276023
1.60974395935899
1.61276419866248
2.24057126899901
1.77521053003963
1.62083610525537
2.55075491332238
1.68961983489529
1.4990002024195
4.57947268370366
2.05136793244404
1.50457668642532
4.70490715860513
3.73642192340663
4.5579722994842
3.13694239438154
4.66553910628804
1.51142978543282
1.53751631450148
4.70119746423629
2.06170281738247
2.20533321348882
4.16309159878393
1.55576458161217
1.54140014156479
1.58419023057592
1.99988431730866
1.50449889845972
1.55246385097351
2.01408333270974
2.38607994770067
1.50551146039008
1.70487675188733
4.01300620922309
4.59292075687929
1.58021578897158
1.70265551208442
2.52866543693676
1.74333193070768
1.49970838443587
2.42417323310151
2.41029699467907
2.7479223237025
2.23245723367181
2.97379814629094
1.55101921730351
2.80810449153847
3.2911980908381
2.47016746991639
1.56420077741335
1.80972972626149
3.90633697421158
1.82478055593431
4.33816872666492
1.64653927219386
4.33051128689717
1.50185037519593
2.42621761243582
1.51060935643415
1.977690441706
1.51288520041857
4.64570355795401
2.89835151690063
1.55274008773469
3.19511917118906
1.53030604217036
2.44508657773702
1.95500704333228
1.76071044810558
2.67911448427667
1.71857244192195
2.00361379862951
3.87718464445672
2.11278664294565
2.74034827532188
2.02280052701757
3.55120206402533
1.4990904604789
1.61333074228457
3.03110075373269
1.80749145970466
4.34715071546783
3.32650993612541
4.68136002411815
3.33816482987089
4.36270151109953
1.58059983812422
1.64003077300866
4.70875952998029
1.53010766414037
2.01764360692011
4.58977833542703
1.78492076200363
1.59872541389828
4.51527339155759
1.70578534224938
1.70496511446576
3.60737147155417
4.50786820005146
1.93316278401642
3.97465364555434
2.50747029907242
2.42398150852094
2.68831691632843
1.75558459095777
3.38748866470631
2.65824874352101
1.56231071764442
3.78479190474226
4.477256104229
3.6123308233042
1.51714670185503
1.5003186421886
1.56810800154089
2.30018353981426
1.91840936349994
1.59483576751781
1.70993532884352
1.67803075615167
2.89493729160148
2.14356026835135
