4.27662222147879
1.5040938928131
1.80772085016337
2.09742468723229
1.86636354499181
1.62882477988391
1.60684252359688
2.40758693651944
1.68133585275726
1.5737183138695
2.58368397529991
3.2928044947488
2.2857322586957
2.76908118464677
1.98521308487704
1.54586115252438
4.48612575944528
1.98488459640758
1.69508934329393
1.54229354614519
1.54620530074775
1.57416519235093
1.55483302812299
2.67868509137749
2.58112680254541
4.18668578488215
4.56857497138358
1.948901287934
1.79749007080636
1.75352490161949
4.48321769867235
1.83945853639903
1.50006083380334
3.13216442105731
1.50829667195658
2.61503462828808
1.53969819583258
1.83474560694361
1.5319999091969
4.70147376760092
2.39253347936226
1.88294126761454
2.54502371708183
2.94175905029358
2.46986499172882
3.16266502727862
2.21842618894905
1.51906382639196
1.56490780134891
2.50662647748935
1.84359716921521
2.12831069992974
1.50041429033221
1.50153285365802
2.21309180642242
1.82397490507907
1.79967390155347
2.7594737602963
1.52195334835338
3.63400312862921
3.28408879638159
1.72921880003054
1.51990068807847
2.20838809188451
1.54926652452012
2.56428351428968
1.89600205526719
1.58011242325537
1.78609258533484
1.52899934837539
2.01854231918291
1.56133326396893
4.24665103942695
2.4512720481013
2.16686703605844
2.09215526287749
4.04861409810678
1.52932730047375
2.96022233782291
1.58269227955114
2.34305235299722
1.49899132639782
1.50701747780615
1.52012904125183
2.7818789937096
1.86441152143485
1.50052850829755
1.4989851940686
2.98134811706581
2.12998824120374
2.43278286746002
1.7554691146146
2.57435280973417
1.79489923158341
2.08929135894189
1.49962289119087
1.5260205885782
4.22654684251332
3.1648007399822
1.51731622944366
1.81265962210311
4.61321079319751
4.36351713563138
4.19136898937732
1.54074103437392
2.47045033494335
1.52143065120621
3.92647935589407
2.21247786910983
3.20366657343828
1.49907818794839
1.61454437172035
2.75319114090325
1.8426595402097
2.1819137177943
1.56598729387822
1.85964163527891
1.68318374319205
4.37132907116579
3.14819148489886
1.67579186567156
4.25074696260431
2.22093168043513
1.74437508162607
3.39808744301529
1.53734628323543
2.81109359428679
2.15230551978585
2.40147341662646
1.5552820196474
2.15750976393257
4.51647753942731
4.17523553187936
1.52412008233472
1.87481925082488
4.5717767620806
1.54763555876102
1.55712760712477
2.15686568998343
1.63658866808231
4.43662959760408
1.80366808818546
1.95649395755895
1.7107261927758
3.26031440540963
3.50548105504357
1.94130530929225
1.54335268461069
4.60859210389836
1.62151046313564
1.63876999386184
1.67692695322109
1.98334705715798
1.98430499725334
1.51700305943964
1.56655613523403
1.51192929108764
1.97941841074281
2.71038783472589
1.59122324308401
3.78061643933317
3.2099681614947
1.55373339205692
1.95700869079953
4.62738227285787
2.04433369761511
1.50062350477615
1.94143038987679
3.38431013958275
1.49897557223223
4.11999656854569
3.40475519535507
2.59163240037053
2.38917336148822
1.53442587265279
4.4914135552855
2.10268163934062
1.66769116490047
1.6274570831312
1.55496912951179
3.91190403118812
4.23256497388491
1.61862388970664
1.85727811462555
2.2668764502025
1.51660246727007
1.91272835346791
2.7007333761712
1.90302946367301
1.49967899329951
1.76722856834787
2.99966942035982
1.52060240215593
1.8862365130742
1.50940877268244
2.60068651817171
1.61543200069812
1.57907219049147
1.52609774979113
1.52725767814496
2.33304551366587
1.66276866070747
1.50153683938745
1.61348637741502
1.55436081267088
3.15806238267727
4.52224351396656
1.59040780456668
1.56151494163884
1.86570894680082
2.39107297864371
1.90089669843246
1.65645433800855
1.56441805492793
1.57056516050818
1.86333549176005
1.50938083862425
3.2541114009107
2.31298645459199
1.6797391473863
1.59312219568775
1.97423768366974
2.94734277733894
2.75994455554676
2.42368338913074
4.17247556768874
2.98461551562803
1.75782416945917
3.27292538600284
2.62885161308443
1.50014438919836
2.30898045402614
1.77889971300895
1.66724639210202
1.543377222647
2.52946474054736
1.50183344326418
2.97068912990292
2.86756389169422
4.45318532051887
1.75031199121947
1.49898130683252
3.35790269630499
1.73417496307784
2.04402196297861
3.28573029459391
1.62970435605565
1.52426739410928
2.12118912499761
2.20714436484494
3.56895410996213
1.53044858371068
2.39628051912119
2.29717861284095
4.47179830324941
3.25574152926679
3.13094514644859
2.0962975400084
2.18385844976298
1.81691345489007
1.71151707108614
1.55682271906638
4.2524147093809
2.12254518387443
4.14336303870693
1.5605119971678
1.87261054329852
2.83755713593619
1.52156960689483
1.56149913428239
4.64236735242592
3.40637276073273
2.1401166349375
2.0208654636596
4.69891243642579
1.74696624050633
4.63794354248837
1.90140655489311
1.51183274180396
2.06758127164083
1.57351090873037
1.52129398174152
1.55328992769446
3.4739652895681
1.98843411527399
1.52287691345187
1.96165282648008
1.98813114048919
1.51713482151096
