1.72520583893027
1.61843762371194
1.55321376634207
2.34668867590758
3.25493845354019
1.50137237576194
2.0408457432418
2.93282479605231
4.54198370763912
1.50339302776257
4.16991545047014
2.27458758436638
4.06839396671606
1.72434263248253
2.68685311979701
1.50400201672941
3.21252479684681
1.77507025562992
2.94964925869999
1.53859612760634
1.5116158034614
1.50059945892697
1.5927305014889
2.2139908646659
3.33215550237692
2.52232802249691
1.52838468479595
1.52231391421029
4.69935568272261
1.52624672355859
4.69797521619257
4.47610566474189
1.55519989287331
2.44307025356039
3.85223702752915
1.5698798583439
3.09151672299186
4.52500210385128
1.86077116758908
1.5604594773994
3.41876993176705
1.76537597435264
2.4408384105651
4.33912924646972
1.57211768945581
1.97204402346215
1.5253505594168
1.68351691186989
1.51087012080062
1.61274026900267
4.29342147968546
2.00998304405037
1.73874084183175
2.12247150754018
4.31329398300028
1.6997605726679
1.69017443655409
1.56577182837424
1.84624083566932
1.52721780522424
1.885272088523
1.95720231415646
2.63489683148018
1.51705290682891
1.52807364136723
1.67795454212517
2.32065316169143
1.77058633790436
1.60202172761647
1.49964079785184
3.20178770590138
1.89173290332417
2.01264339827613
1.6092367510019
2.10635824145735
1.52748983384762
1.56647067534457
1.62190695703412
1.56439798331346
1.59432150499742
4.68237274349937
4.68713862919108
3.11408415042677
3.16481082893078
2.254318284618
4.14433737496392
1.54597252107355
3.88202204926126
2.32388252863956
1.49896426463341
3.2959098837124
1.55829711719828
3.93037658635109
3.06774149577149
2.16650776075612
1.89024675920398
1.61300385611075
1.59616091417411
2.81958269201117
3.14884438281896
1.8873969976236
2.75488880576009
1.66079151490936
1.50816114522101
3.02531573278082
2.62794809909105
1.72769590374487
1.96146065703089
1.86255845176456
4.68320732358812
4.39907295655053
4.34181660676113
1.74921934605495
1.72260499253088
1.52085265955566
1.50099148227975
4.3087320151497
1.51137938106674
1.50400480763883
1.50676411100307
3.36377118240976
2.31637700180578
2.62647114832314
2.20062116784396
2.24270323292086
4.4229834752276
2.69056388723102
2.35936568075927
1.78333078315591
3.66521261550476
1.52690615032137
2.70625743098199
1.8231485297017
1.56373536427513
3.74934132824036
1.8702972020783
4.24039729055454
1.60963314129489
4.51239285001508
1.56408503241577
4.63429223048554
1.90616868985336
2.37223654763687
3.31475873820406
1.98806052489325
1.89626435667812
1.81659335427627
1.55158723084813
2.02330491301491
1.51235443594451
1.79711728363333
1.70019331619993
3.93106816662107
1.65410056688815
2.78850466485762
1.6317521778686
3.65794050162054
2.7625056565026
1.55032045224075
1.99461881600868
4.24370212304486
1.96531261799572
1.72163759678316
2.15589733162145
4.46278982472146
1.53099269478142
3.54429535633735
1.60143973090481
2.01343122855919
3.25986035398083
1.63538602580356
2.58742567024118
1.97729138775045
1.81430793905706
3.71263046785093
1.61706243440201
1.51883604006562
1.60052299507682
2.15178543651566
1.59143397362418
2.72977497275236
2.07989973172652
1.9285937389428
1.71085976855251
3.18233217336943
1.64707767747695
1.52708163882784
4.68293028190203
3.1281876570248
1.50320804560727
1.52333749417601
3.56559172391786
4.281135733021
1.50559981355584
3.52163119837669
1.88620122481
1.51222325267986
4.07330313434729
1.50620534849676
1.80850481316511
2.27756450715824
1.51995282164927
1.76686389364561
4.43606624660886
1.81874645319866
1.64023316612766
1.60267722971355
2.20577898057895
1.67405229262468
2.13115636497836
1.64034379004619
2.16041194384684
1.6982959330618
2.29193988483147
1.61734782823665
1.609698954923
2.19054482749728
2.66518952213916
3.19374710453498
1.97647422846564
2.23985644418985
1.62071639694336
2.48374117154605
1.51853878741058
1.51085888528935
1.60859675055667
2.40954696146442
2.24165551704145
1.64421229272574
1.67784844035948
1.55440967892516
4.52934485567083
1.60631100064792
1.92196127437893
4.57469533634222
3.80713620404355
4.43827653140952
3.05975079769245
1.60627043052795
1.62916291364866
2.43118425314408
2.23366703373547
1.55043188482196
1.50322098256349
3.94272379406532
1.55468127036347
1.90476169543894
1.58995058172904
2.26762136592278
4.22405805580611
2.04466217651783
2.96162683112406
3.53363250381997
1.5000312796364
2.30360339420594
1.61655914338142
1.74355123689917
2.44493300871667
1.63485126880192
1.79272090735013
1.78385270997247
3.03374484017804
2.02413254954026
3.11298281879185
2.26981544727858
4.22281429145807
2.16630911248241
3.10059012150595
1.54006748927095
3.65922835809496
1.51013630558401
2.34227123358126
1.50179551819242
2.3290344344269
1.54002508476268
2.08580793132755
2.29167058742588
3.68419853315089
2.33599456455556
1.7705690018571
3.45056318620432
4.52627864049706
2.49876275679696
2.63569602059778
1.49929390508677
1.70960943897737
3.3423553784491
1.82098018450843
1.70470276361651
