3.06773603367611
2.48214942478612
4.61751202061303
1.56932355839613
1.67044688294551
1.99098465512905
1.51012954694625
1.82100336551319
2.15695207303974
3.1928335029634
1.54470799436667
2.48304017260727
1.49952732903259
1.51791188590297
2.54666342930185
2.51585300037237
1.52005643908215
1.53058794270134
3.93122082942051
1.81421958438761
1.49899456978146
4.42108597508342
4.5209941549853
2.71788400976128
3.73537492774148
1.51398694347075
3.36171054653268
4.6742894413362
1.56349682427198
1.63233003704122
1.91121985189122
2.82631860741059
3.50304824560208
4.05231213401136
1.5134082568391
4.13435417188749
3.11283777609216
1.88534262937518
4.00034154602407
4.39368414304641
2.09259525175545
2.33874566995572
1.90440539220197
3.22818629433785
1.51752634795207
1.59558300589575
3.38797081454885
4.50299719963891
1.54673538660055
2.50490740767509
2.04437884331226
2.24773126247775
1.50090918722166
1.57586085743433
3.97673977304468
4.41489680312903
2.61821527497443
4.3830024024402
3.66509223298856
2.51040143212353
2.18061173096843
1.49951781063942
1.54839886010332
1.5615083258231
2.79908832272615
3.17730315007069
1.52348621902917
1.49911253960526
2.16947984598319
4.61676236695823
2.9432136066448
2.3127658753537
2.35934847957037
1.49950090322322
3.13621636964171
1.5440302220606
2.1807233875109
1.66174456432832
2.63519521963672
1.74762716448097
3.06613661479944
1.65286506593786
4.27360279984024
2.8763355284365
1.64579615237852
2.00655175715629
1.49896695844017
2.50652760654127
4.19986308714482
3.01969162881417
1.68552576336257
2.64729833796194
4.65497392258361
1.51441436892371
1.57961833235458
2.67935946644782
1.51545594654034
2.65594338312033
3.17215698448974
3.0923522043535
3.38337222006302
1.69707923606879
1.73783760635477
1.51968659015805
1.50254491898392
1.79912550952015
1.51397636767662
1.50501341426337
3.45687824931442
1.8332988368891
2.31643142084689
2.43624551671301
2.37717979491436
1.5911785514815
2.54324329730258
4.37695186921704
2.13874698018768
3.6501105263446
4.68559202597731
1.58052597340307
2.07397438318781
1.53009902817792
1.81977097764719
1.5285208531083
1.501338119674
4.23532504986919
1.64854114228312
2.09133122624297
2.93159044596387
1.59997105640362
1.99357955495181
1.62175640841443
1.6512002283782
4.39126022798612
1.71088689496461
3.08470538602222
1.68016665450506
1.5376816186682
2.57601329324538
1.8832658695345
1.50273012128935
1.72188021092989
1.50409424030286
2.11663565878353
4.43463780984784
3.01369150039701
3.74449356894356
1.86158773413755
2.84799642387334
1.52839969635429
3.38855428647336
2.95432429442306
1.50471335042483
1.78819522977171
1.49939992405673
2.29200949299749
1.50000310141129
1.50740607772742
1.9222369421195
4.09428004515653
4.66797898679011
1.7142834452828
2.15430850244838
4.2444365539139
2.06430102875015
4.10656467990777
2.3100916993261
1.66753063464647
2.82375920948819
2.05412798792254
2.00345799525716
2.18265650578972
1.56464014628126
1.78002535201025
2.33120498331716
1.50862599548368
4.70793486682136
1.75187139765518
3.63802392394663
1.94668987354528
2.79274789813673
3.10487978502975
1.5118688062808
1.51530595540492
1.53994505498447
4.12682228345046
1.54407466362451
3.82776013377557
1.51316913071796
4.4788067300154
4.55739965641677
4.12686485168175
1.50203352177581
1.83804293238628
2.51823436094846
1.74379028983413
1.53378551134914
1.58990205658216
2.20281819152896
1.50985231668394
2.60901692971748
1.55080662963814
1.75283173700837
1.51086955496949
2.39440798127288
1.71340186919341
1.84101252471641
1.50232631961717
1.91190129188499
4.46807359107013
3.41396463908831
2.26054467905984
1.59184555401611
2.77255065952698
1.70227900996861
2.90868915620836
2.08161373957496
1.6470109072626
4.1509255578351
4.55248799037679
2.53230330771648
1.88978806321804
1.6196976916961
3.42637784236928
1.49980409661089
1.67499660210869
1.60826813012472
1.50615166649003
1.50209088835048
2.07035053734552
1.52345391197197
2.20446483429589
4.55176081262241
1.51727916392756
1.71039450127028
4.68572298340884
2.07168642522864
4.70657720273424
3.8447216516272
1.57818477851399
1.63983606789039
1.56063987769615
4.59711562227015
1.50649756128998
1.51711107694878
1.5014530901973
4.03599390013276
1.7699393569007
2.64242785306251
4.55919796319693
1.52754629730769
3.94033418938869
4.11907281928272
1.60401794473402
1.52414612209124
2.3461101429319
4.59651946335112
1.69790139608779
1.86972434352262
1.52909134966862
1.70851631438378
1.50918703903396
1.55158463819443
1.65291203614754
1.6231522582042
2.7568714744833
2.14011515886463
3.49733865703833
1.97981295142266
2.37929664657939
1.5977304558615
1.88383778187282
1.69008081218965
4.69456108938987
1.6871756416743
2.02545692732425
1.66548026757373
1.95880641567082
1.62860866391486
3.07899219311783
1.54760331508801
2.35931285222288
2.44582846977899
3.20746981882024
1.99024565044666
2.68655483419971
2.35942337724049
1.61953163791242
4.59320708910454
