4.1918275758856
1.7052749115968
2.13303502267121
2.07281222323892
4.66046021200609
3.40788620094966
1.97633882734688
3.02351689091967
1.53721755501363
2.97366461721144
2.34467524719953
2.34973583100674
1.67800329119296
1.5760193515573
2.00876848810318
3.49793094697735
2.5309968526092
1.670677007294
1.5783979414647
1.53729337318405
2.0587200849931
1.61427623458005
2.16221151751134
2.03223472127725
1.67145752664124
1.56891823789097
1.94754561543885
2.15454479010317
1.9374461059616
3.8824123630526
3.28007662893544
4.5442066424024
1.58255826178561
3.28413585445582
2.39037880849606
4.35089639511681
2.37865395995103
1.65348636476639
2.41374664566062
3.32155320354068
4.68542830942345
3.60082339900574
1.67841214434151
2.19787680223729
1.90342102619777
1.77962158008837
2.26764887097407
2.44190757639569
4.24448594204589
1.50163637831308
1.68866964257923
2.63716141861787
1.52887082859981
1.52042175448429
1.60326513631087
4.31805139336163
2.0416281937341
1.62980877698613
1.62672410305852
1.68916433857199
2.89470977615342
1.49905708520453
2.47727020976165
1.60037063100748
1.93485307976116
1.54635400268321
4.43920530417554
3.28506208820679
1.80731679325202
3.36526777711679
4.19674389533179
1.73934530891832
1.50667555356167
2.44326897614072
2.16632016669587
2.00525614555652
3.41404631129691
2.33977133821825
1.61775723977991
3.92462174885128
2.63172436549359
1.65735717137177
1.92654433392259
1.5034342691574
4.04615562321224
2.97751822010131
1.91215602260256
1.50346201736371
2.67948420168649
1.52207139676199
1.70826759593775
1.50567083774792
4.39420324453404
2.61753065215944
2.83148242899157
4.59506199369032
2.05797102866586
1.59711681150174
1.85460664959032
2.20445918344139
1.69682956482467
1.84584479110895
1.71925273435883
1.88563590002527
2.09406744402789
2.12846289521471
3.87747600067793
4.48367816118284
4.58218541510799
1.52159620330321
1.79577381389858
2.18381462886502
1.50854491289216
3.19221449496008
4.3703836283906
2.49545184178438
4.1657428781633
3.43808649722785
2.73046996806349
2.49942631229297
1.53949351157291
1.71303200896194
1.68846643740036
3.21224270648989
1.58329478475247
1.86801596632749
4.66294608415087
3.69780768533876
1.49938706595832
2.95150402315553
1.91551971995026
1.73574376083246
1.85988000818071
3.25040342021352
1.90607908407445
1.71751256121178
1.49899626796274
1.95890674074236
3.72948905158808
1.51458623510146
2.9931131281176
2.68340819286092
3.40956110977474
1.54168095627833
1.51917207564206
3.98492139131959
4.4270756209957
4.51304966468551
1.50052069298446
2.08880307591448
3.39455528548582
2.80944762672487
1.84503999546613
1.75601056358023
1.87383975117677
1.80978504608991
3.9777076079416
1.65383991211277
1.84104282821372
3.10241403453643
1.79554112873377
1.49897454340089
1.53929722883244
4.34101586425761
1.61600874783998
1.53273542079558
1.90728319751503
4.655019701301
1.69338235061445
1.5217283318496
1.5037264368034
4.04756538863843
4.50453011272732
4.68504949736555
4.18483738085061
1.49904531122336
1.61469511398317
2.00010324222115
2.37731881693793
1.70560315780053
1.50787284774813
2.29801724198738
2.03721519829042
1.58989589135307
2.08359384631923
3.60920793504466
1.66731361655939
1.54314030178723
3.44206021222619
1.58364202049032
3.67117234813221
3.03141530559875
1.49943070931608
1.52566840530103
1.56597145445887
2.43679419759336
3.54616544584832
1.70500700346082
4.24856861725526
1.65166488690451
1.80851433455575
2.33046174736209
1.5023449826508
1.51641651236704
2.77037891797465
2.31767230654175
2.68863344759002
1.54399196785569
4.68159902006926
4.67593452922042
4.48237820784501
1.70339878980636
1.5885696416787
1.74083696322801
4.61661815098003
3.01107303953964
1.68496657072013
2.52038805014796
2.07430577861504
2.92256401469621
1.49951093887701
4.70811922708944
1.83621452440679
3.88895530484608
4.01556006206818
4.69317786542047
1.69927049965392
2.53177607411611
1.82767390623117
3.65263855683179
1.50871315545881
4.14727072722661
1.59776206473572
1.52042174780401
2.28891613746533
1.6750262038884
2.37224706246455
1.77089242539477
1.60964783136638
4.21515105702576
1.50148463262845
2.12397682498178
2.04761908750851
2.0032426297625
4.23819251047239
3.73605433000275
1.55585587394611
2.29551917531247
2.16021293893348
1.52352696818552
1.51211349154384
1.51380016901447
1.5149715112822
2.1061579685434
3.93856543513974
3.92939606682794
3.26981184003437
1.502819891803
2.24359770996758
1.56822163590193
3.04924826160507
1.88758964387388
1.50067091371031
1.80332361825493
3.75273683056503
1.79624969856235
1.57010812702048
2.33367372055218
3.9941775618247
2.19258578998574
3.73354894799922
4.12267771543874
2.24343995375364
1.73986572876832
1.75803351412167
1.95259023120654
3.50089138132169
1.6000061175533
1.70312553755799
1.49948053658773
1.51845980156062
4.68884649467267
1.88317848549496
3.67714088266445
1.57378826903794
2.04974378006595
4.69273707084614
2.46778298091515
1.58937786743575
