2.96525019488847
2.55227654063325
2.50537247268621
1.5649081856233
2.9888164030433
1.55439443604444
1.65661607643309
4.69608046059329
2.76499013184061
1.58740340196744
1.76311150196518
1.50691952130784
1.68221557848821
1.83705199793049
4.47318281664678
1.49943809667909
1.98713277022117
3.79523720091031
3.98767704608467
1.91268519742885
3.44834574783817
3.34674218350644
2.64548093697007
2.4380441566136
1.51897138027034
1.52284583461276
1.77255801897288
1.92998126192216
3.19454229769663
1.53517471162456
2.00668204939513
2.23754079762195
4.2754513579867
3.07569329241222
1.5299720975746
1.54064779221925
1.79085853869434
1.61060015652183
1.54064409838959
1.94682348847205
1.76650034749434
1.76950512284577
1.49896538568362
2.45022470066833
1.73862540960657
3.27361107309075
3.39533546574676
1.59510406281327
1.55079761226248
3.82542287547834
1.49918158718038
2.39096292121626
2.45317311258638
2.53860427322006
4.15643978913305
2.22524512855666
1.59342603447191
1.91492152967969
1.53162145497139
4.16366469914844
4.40947014776022
1.49997980741973
3.3795218040264
2.81398978891099
3.98540234788998
1.78925097871377
1.75156165321985
1.53575097982126
1.52403742853002
2.15857934248341
1.88460239653677
3.74596404924318
3.33260989293464
2.53963160730247
1.7636649766159
2.78529999875168
1.69334702361549
1.70363927349229
1.57322544083689
3.65329601556895
4.53916275747439
1.57608555232048
1.51921153708912
1.60403016387031
1.61765347953471
2.97236794786031
1.61777943503614
1.50580678965489
3.69910187059057
1.49897004009883
1.97354011283055
2.78362777142666
2.115477586255
1.5030140880692
1.641213243653
1.66069725101092
3.52017804696888
1.50958355619307
1.51854050473869
1.91316882690669
1.6975080208143
4.67243301882926
1.70994521282591
1.65669884082585
1.89543020522248
2.94546650380003
1.78701636864031
4.37463687933023
2.74093006465272
1.96365607397838
1.53014560446322
1.96430133842715
1.49915280246077
1.52126043387451
2.39887425532874
2.81021478255038
1.49928662096306
2.60314703907484
3.55595932544218
1.83179307746305
1.51807663741331
1.56776902628878
2.5053829173648
2.3372375233626
2.83714277552066
3.7866054208332
1.5260233791129
4.52711024316914
1.66543763970943
3.98225441613748
4.60719737492002
2.08728336625692
1.5511465717177
2.16195641251347
1.70653520292969
1.62165730053802
4.26151549136616
1.71614503154961
3.29667703196183
2.56045107011057
1.64185328771485
2.12845739637224
4.28572387171717
4.67453851607307
3.38401875991322
4.08423844844877
4.50410804543412
4.21228715026112
2.03362354089738
1.5000465156096
1.7190452971579
1.87188878605716
4.58256381260521
4.70251719679331
4.6175279498564
1.4989632370821
2.5514430866819
1.57944365975901
1.56396590814965
2.71471012425427
1.50599302537626
3.77546335724897
3.5589348813823
1.52516657480987
3.25639754385261
1.58996568589645
1.86135300322323
1.54165094720924
1.50491043824722
3.39946024669443
1.59704304373698
1.50450706790522
1.91610132220525
1.95253698227874
3.45892834554545
1.51725243192917
1.53333835985944
1.86964859768725
4.68158099238901
4.47084648023865
1.50854336327486
1.82606181653706
3.37192665515065
2.35443451445815
2.08004481927718
1.80937223401605
3.35929429794257
4.41051460245265
1.50682850050526
1.56227606491717
2.30485236814962
1.77124623704018
2.67493267515048
1.76044491451382
1.90784579921172
2.35767338005569
1.95153113431591
1.73746995135061
1.71722170487637
1.49906076998334
1.53441231861751
2.10355591655016
2.58637039148173
4.42696468960403
1.50219620914542
3.35083822029488
1.50450467602834
1.7239975519083
4.03270051758409
1.81009878995302
1.52636753756046
1.59290810217702
1.92576277712319
1.88227147814957
2.1672147465112
1.96719276647527
1.80690248718356
2.36389729487348
2.13744228998425
4.57184285089227
1.64152352642961
1.50083526521974
3.58801456405497
2.3810135279319
3.53442156946153
1.56863174069588
2.7260229423973
2.41166710715538
2.35670857463257
1.5485761916353
1.58547056747144
1.68005302665142
2.0563110996247
2.2631501779098
1.50668191192209
2.09378732817383
2.4523704060042
2.04199007220666
1.50499693539808
1.57375502053573
1.53700596623413
1.53433972093071
4.5094508538067
1.64575215256584
1.66140562073837
1.53679495991327
1.73016972149762
1.74646450774713
2.50419997926578
4.43047747777213
1.59492405823249
2.48013772790697
3.17538324942653
4.58973438381093
1.51611722915401
1.70640988514205
2.56260952350959
3.99602469173919
2.66220621685469
2.32314778968736
2.03326322971052
1.68181707073557
1.49896351251306
1.87644137765771
4.4933989682732
2.41885430891623
1.77000783112114
2.14644885839564
2.46373277034948
3.88075987056243
1.59065026441534
4.70750086950037
1.51161148331686
2.19881652441891
1.52019992700407
2.04437764793357
3.11681591371329
4.70548629718232
1.89123850947036
1.72905164135203
2.01811284667618
2.88131781153272
3.90638633327508
3.62922650565738
1.91296469295465
1.49904969272544
3.7760898790866
1.50860313677916
1.57382272112413
