2.10143521889407
2.07878303229669
1.75478763611426
1.58110655561458
1.71166439861221
2.87128283529748
1.7869077474476
1.57684478128504
1.50114090806096
3.56784746154458
1.51783471762358
1.66678324582208
4.15910344717783
2.51261456604197
1.50210561477819
1.53977706903431
2.55004564905137
1.94121371847617
2.08105982821497
1.6430796270341
4.48455661214467
4.62101130323705
4.32870910943102
2.40291883621517
2.73018974835343
1.92300539640623
4.31758418119829
1.61109500874205
1.84708667129114
1.62352991841137
2.48694157894696
1.80785340484909
1.87166104170499
1.75986079002587
4.12278244807112
4.12083530304375
2.91678083830141
1.69148695580253
3.18697519538333
4.67345083331587
2.93864929259925
2.36824389233292
1.5233813551549
1.50062257790092
1.63666892754362
1.50279128306384
2.20167944303063
4.41802568261437
4.22342924092657
2.58617871384103
1.57173651306858
1.70121859112605
1.83467877405284
1.9263896026837
2.25163672018988
4.14743061036924
3.35167265445593
3.03741932384649
1.62099484291027
1.8809863083818
4.64935511833953
1.71238561006257
1.81699412522308
2.68884687529536
1.80241782706034
1.82484478862518
3.42177172570453
1.52803907038563
2.41161148043103
3.51083671066585
1.53324998000772
1.65576500463317
4.17135439116675
2.03682678567994
1.73179817884441
3.71324752698471
2.00727290844075
1.50148989232438
3.65313007052396
1.5483180892293
2.50464886824093
1.75023312291548
1.56713287181931
1.58824464227634
3.88508072033975
3.6300897727879
1.63701695093843
3.51325758807087
4.52316237176553
2.01797329120859
3.78680570504259
4.28018141131245
1.80122483151109
1.54093130587947
2.03690705723982
1.92834382049138
2.2111767347793
1.71040690327765
2.28342986361895
1.54871766247413
3.1568680110915
2.43705466705873
3.90613317379709
1.75459127841746
4.38007675332847
1.5417343196669
3.04113111340887
1.50103013575879
4.60241104022206
3.55180871754234
2.42206631141889
2.16798764354269
1.69790926730159
1.63791760254171
1.64001389326799
2.85757843095197
1.58768868482855
1.49984363962346
2.36281407882794
2.87917611853282
1.85803550732923
1.90273490216136
2.60880360676231
1.86281694571644
2.23696658088269
4.06036797312145
2.98872373592626
4.53800535042578
2.52058379402711
1.75419489441822
2.09142670621151
2.52234839352314
4.62206787284394
1.64126784327147
2.13440086784782
1.64913355225868
1.55269860013341
4.64594636158801
2.9329849587613
4.6056645006851
1.60346572990507
2.17023023826591
4.38824444675609
4.56059234069157
1.68089785662865
3.42716221848972
1.62835975750719
1.51957633568005
2.46106745210393
2.98866614603864
4.46541881120579
2.96503970991043
4.53247717749292
1.82125503745817
1.49944009208832
2.68226976666006
2.60299961089078
4.66854506746525
2.2708508346816
3.48798270083863
1.52900579556547
1.70791123369667
1.69103722309896
4.70219595025608
3.40153056015439
1.53665096212549
1.58802091572297
1.55038033070476
3.89860970886518
1.66310323603817
3.47245124384157
1.56740771078015
1.91265846403998
1.51171320674021
2.72011190831928
1.57364835964336
1.93073004526721
1.86735813330649
3.39886463925814
2.36976081756481
4.51757879051051
3.51260456375094
3.29453285635452
3.71272292805275
1.80711590065387
2.19462969937604
1.82490059041322
4.35203088180103
1.59949766699912
1.76078206803697
1.508318663049
1.50735425405683
4.58421921228557
1.70799968803706
2.06648454126863
1.5565694936389
3.56047218999936
1.4992836406778
4.2495203220302
3.86301046496467
1.79388877118994
1.68630172283169
2.6586888034968
3.19381865619024
1.53940302663315
1.77058853549796
3.22017361072794
4.6932160396861
4.58566149110725
4.63163221343249
4.48580021870571
2.78515087329122
1.50238444708307
2.89482979353159
1.81373877950938
3.16352376891355
2.41424368548415
1.54984526707703
1.78309680427789
1.57263103479947
4.64486913478013
2.06187095642789
4.24350197493163
2.25146546178122
1.57526220780944
1.59703869105047
1.67592335368685
2.90875729991069
1.49963734106507
2.19602405032136
1.97061054533205
1.51991323562163
2.63573237292304
3.77074572049612
2.54394659401008
3.9803645890241
4.21624246371623
1.5399422432927
3.79215788147176
4.68932730635089
1.94893239631848
1.95090124435121
1.55628287253649
2.61837588797615
1.53657766587568
1.56112339444367
3.62408316820892
1.72652841791296
1.87301133749046
1.77991313091119
1.73067968173359
3.38171677399131
1.54075673922796
3.83722410763884
1.50632984011606
1.94994113717166
2.05024825110459
1.49927746345887
4.51453887030951
2.9150745956326
1.50849026957709
1.61662692410702
1.86959434221652
1.5628341048109
1.76781838019386
3.7219929583182
1.58667112859739
3.64167823218065
1.62388527448731
1.4994646331006
4.33899610148791
2.45741524987938
1.58743869816415
1.89436362769306
1.7157980555257
1.76637461069573
2.04190769393548
1.84463251882749
2.27275851852462
2.03304181571204
2.33780253442645
2.43433726071664
2.31941422055019
2.93313867302883
1.67295729145914
1.53990902918506
4.59340820348186
3.41136065254763
1.53022077806132
