1.96824632718997
1.58863691815053
1.58290560185042
1.81176452450674
1.64055757738081
3.97734140400921
1.70471433309359
1.708636150972
1.58113162571854
1.79094578380261
1.50053003739666
1.50975743878467
1.52626770657755
2.04430680409038
3.73655467917085
4.66737650995874
2.84908111391589
3.83740031959606
1.55626555176808
1.97953691410847
1.73190227975495
2.43083056731502
1.97091630708985
4.24866813715237
1.71502839707311
2.81536842213481
3.79754048968519
1.73715003807122
1.49905178416187
3.98151651354583
3.75662598795434
1.52168726053505
1.50068859770197
2.5297956738221
3.43902334855785
1.82949577797005
1.5400997026698
1.68401435851452
2.42986316256078
2.01308311617656
1.70994089114362
1.59837662373655
1.84720735417066
1.58377646063728
1.6760877860709
2.77026357992067
1.98227748008458
2.84346404774564
3.25813083648917
2.44670841250797
2.37574617700891
2.07372617173481
1.5713781692442
1.87620469588868
2.12555622069503
4.06812376755885
2.46706907072809
2.52181057726186
3.26576694055868
3.71542480451207
2.28737745950686
1.59980763573945
1.499942012313
4.70360679070451
1.66254899881849
2.19420923399873
1.50869943362439
3.40220830873171
2.8518146053081
1.5667631843651
1.55344780868954
1.50659719170999
1.56612859756511
1.61044050513157
2.37381129048126
1.50109181087994
1.71268157566812
2.25927118937943
1.5288433500535
2.2182262486003
1.66162922421477
1.61709200038221
3.30647184690789
1.9242487170634
1.53772628506332
1.50000293432317
1.51071650872468
4.00717620800873
1.64989713419423
2.71519439086985
2.16782910886018
1.63622587205234
2.53391037630173
2.46675384510436
4.67709263178708
3.15897327148701
1.6603786850568
4.68436610125618
1.65081937564471
4.70828185957531
1.50601360833202
1.80702141954258
4.59777945456892
2.6991674719557
2.22739419385633
1.76280175045145
4.11613039495973
2.35150935316586
1.61969441402109
2.33505213481888
1.87027813349668
1.7241504728126
1.55322393448334
1.68397633978218
1.50924458450712
3.49797230525581
1.51986343100052
3.22497507792382
4.43671439109666
1.520201478312
3.19359747410867
2.33725472627549
1.71697229149879
1.52920374809466
1.55681376640933
2.12441093294489
1.55839751212521
2.82609151275555
1.51201382508838
1.78426394777407
1.6518267115556
1.57268124508639
1.51510415595827
1.72776472477836
3.64032548323868
4.54068653814632
1.64195191129972
1.75941150043598
2.70357710967636
2.48381560905204
1.78660616882989
4.50526870836984
1.51847044527777
1.63597131784554
1.76755592582043
3.10015040331045
1.58310065909625
4.13685593807337
1.98095854462713
2.61180722957691
2.56389019484122
2.36898249539022
1.96064757332902
3.54975762762964
2.92922029775387
3.03474944106481
1.50170958276789
1.49927426359669
2.07948741960166
3.14744808151411
1.52109133273419
4.19280574475586
1.75188049486939
2.56610222334873
2.43852410872287
4.69715239199985
2.64556461187053
1.79512799718195
4.59102013708011
1.53547568492206
2.19442199657104
3.631190946289
4.3866254717549
2.85066608001007
1.97306832268401
1.70584060142265
1.55421989560269
1.51620036833001
3.58674077052204
2.15436904862876
2.57024704501549
3.23542201677027
1.50326984026814
1.92827809413551
2.71987378953628
1.50105021697009
1.56092165285498
1.65324594062372
4.29701956190683
3.66479948954829
2.72720775418675
4.49209985970747
1.49906727506924
3.59023117148311
1.831359383686
2.01104628534952
1.68416255447852
3.310186179423
3.85792699277266
2.13965382821875
1.50899196504179
4.27275344648574
1.59220628700087
1.95981928711436
3.24128271268808
1.72849564787127
4.09908398368323
1.50169370137826
3.76878640727384
1.49908768788936
1.49958859089476
2.06444469539812
4.69677090595947
3.74747680022143
2.81191808625618
1.67774989869928
3.13019888172871
3.52429476925742
2.81649035664554
4.44605158142038
4.6794109324525
1.5044363402802
4.15390661103956
3.76504963747447
3.53917034706344
1.57673255190646
3.02887621151577
2.36466497900264
1.69088771604688
3.48947342127499
4.54864154987564
1.75411428407999
1.61291716662484
1.54004199689087
1.63288417166517
2.727463769991
1.58495055531138
1.50007622262608
3.19339369145523
4.70643214073878
1.85163653253529
2.57112910663799
3.43747487991506
1.50344159877877
3.4941715787013
1.78843596206157
1.59878147142741
1.52098903778819
1.60216207835801
1.79260470245388
3.75701602981819
1.54324830695782
2.10206328528412
1.51639226830128
2.3944031550117
3.67349034762673
1.58618550683013
3.07694184766239
4.53595058862914
1.51074044504874
3.25362714888912
1.50332553824765
1.61151362066191
1.54958723364582
3.65580272180511
2.54021396388914
2.15340929425681
4.1192162593255
2.1985828263571
4.69491681475307
2.24326550834375
2.97080592653306
4.35917745513095
1.50287862251822
1.62223184648927
1.61697614213844
2.8803337929599
2.09680682386444
1.73526044067018
1.5970449343903
1.53043276589249
1.50000705026166
1.55111848241288
1.64162037817232
1.49906143871999
1.73618937595594
1.50056124949679
1.60919793186278
1.56541343137485
