1.60197536067955
1.50039485979574
1.54738130458757
1.90805493874293
3.91562285801185
4.12515620601357
1.89611336160751
1.82244070862286
1.71254635964782
4.13767693235966
1.62508056139315
1.98285994490826
1.76760534260414
1.87621428697343
1.64459120579313
2.9337969408899
1.57757499362799
1.76129025910042
2.47035157563991
1.74441020673537
1.50246698404755
2.17362065103955
2.73065749579458
2.38503458320081
1.50623341860126
1.5186504253807
4.51632093652887
1.50377351213209
1.5163997714932
1.50305088486049
1.96882282114992
2.27251579310979
3.70313674599229
3.7210964920054
1.96365350172862
3.44182990300493
3.46383314276898
2.10514951543707
1.59917769348876
2.33915133127489
4.16489306592505
2.06989111306815
3.35344751617393
4.11769790503262
3.20128081363738
4.70866960177612
3.83860241323174
2.27410597469361
2.78398379915084
4.55862992059195
3.62617218734174
1.52950194455418
1.70205344157003
1.53210879000666
1.52670187191381
1.57117966427849
1.52661574125315
4.63784882407787
2.50119052759285
4.70864825414856
1.5302868195997
1.49905303786782
2.09359458284629
1.89010871395454
4.2932809516672
1.69622860933784
1.92277324127991
1.56595347134451
1.51284564416564
1.59574210670984
2.74872176128764
3.03859956079423
1.56566496268585
3.07141988404951
1.85660692966352
2.37102626199478
4.60024090813896
4.57725762181779
2.06501483838574
1.57973650241138
4.57615913647338
1.50164461641757
1.51339444952691
1.51907690381213
4.50242537342843
1.51217088358474
1.85611862285604
4.60651668025872
4.55091239169783
1.81660416794485
1.56646321555139
3.78809306188231
1.52365212762935
1.51378473703941
2.63657715305282
3.3850527973979
1.73634026118294
1.82992622751927
1.64317197286941
1.86172559956306
1.49950484793196
1.57046255913091
1.52761224150691
4.44602077324598
1.66261227942606
1.92514956388956
1.9778602654134
2.66279631869864
1.50039910272985
2.23517071612614
3.02778290532197
4.67275225817399
3.1737872730554
2.68803078598291
1.94525445982613
1.54938815947841
1.49920494777246
1.68556580379179
1.51401856315978
2.92032214158182
1.75694732376638
1.65698127639832
1.60702363218044
4.55656703449755
1.71161550092641
1.58940987520901
4.46830148384278
1.49909960723246
1.81764271476121
1.5309114022796
4.07549170069144
2.57900085961627
3.61379437694439
1.75539268533959
1.51432786094516
1.5542125369926
1.79373802221798
1.91993188700674
1.50261596499641
3.34372545752981
1.6051702233783
1.50106498745634
2.25209573873112
1.5053668162855
2.92807335601203
1.85176148655609
3.5966330165181
1.63178455857789
1.78554290743955
1.49896933371908
1.62832727226381
2.80288133739604
1.49919299416204
2.97883566443014
1.5177491065673
2.05946932530316
1.8442931153523
1.50296903380932
4.0166782863666
4.62628969514191
3.25405092774361
2.21531927415515
1.53680886623465
1.50345654885606
1.64183173352061
1.49906055568481
1.70150965324865
1.92527746581784
1.94100227029355
2.81764982802251
4.08331278508669
1.5052238338464
1.64428662371942
2.85343254362537
1.50678128913724
1.63931126877696
2.66076558505311
1.50231257455163
2.54926798211744
1.87236036800046
1.67026052199558
3.16995588588263
1.55243596966197
1.50069159798127
1.67334018392505
1.49896738391462
1.58740563594973
1.57037588433125
3.50798239066848
2.00998370531871
2.17084895834613
2.23151363964413
1.52997950152299
1.58426559694412
1.49931205620748
3.48051809734617
1.56166741444216
1.54409012121641
2.18472950069735
3.18965680165409
1.80888766746734
1.56556774494028
2.90342617090814
1.49912305848966
1.50628999841249
3.69851944794011
1.5611992044481
1.49915361228079
1.49931689944144
1.49900237475545
1.72787594841677
2.27473854471766
1.80452731945094
2.49204536427096
3.40723634623772
1.67212243326519
2.3032082704501
4.70705205625944
3.71967617253387
2.42895583350343
1.53269177083995
2.10158516412659
2.47707861639978
2.60308351909193
1.8903738072299
1.59653344077637
1.74059541815331
4.50577541598793
4.70788520824392
1.80031401527088
1.54331800231459
3.51165839389833
1.75971929763827
2.19472601449758
2.35133799889849
2.58612767870687
1.80629145575473
1.56641327415743
1.50259137503588
1.68719684372977
1.55833913296254
1.65286002240895
3.62008497208022
2.31203996481474
1.90690876773882
3.14360415812782
1.54622941093442
4.27935238283752
1.50537177547648
2.97435851590444
1.50129147147116
3.42333055276257
1.59262406944658
3.08868129959523
3.48856876977656
1.56943572217256
4.14395242828799
1.80203058755889
1.50514835719167
3.04017780012975
1.508342208514
3.03958526132228
1.71849425560594
2.60915973548336
1.62287565619131
1.74954786427877
1.51589310088102
2.10257594889439
2.8223859366997
1.51225074130512
2.54690834904207
3.24939085610609
1.65308811498024
4.18040950336624
3.70672399568485
1.93209002671291
4.62472861536843
4.70876311427965
1.99047448889194
1.65331644302663
4.28861048844984
1.76451547827616
1.95251934238736
1.8264720345579
1.54511257303107
2.7491411308544
1.66098734542353
1.59131405281875
1.96733243800516
