4.67907102420055
2.97625319960779
1.55309102466432
2.54121497619411
1.81067262028916
1.51627850910571
1.78952562192277
1.52691680343557
4.31858787751006
3.22192353582575
1.88771888261653
1.50977576813077
4.32115284928914
2.18525327172571
2.0191293947768
1.54009136704058
4.19320326131004
1.49952461220521
1.56658002995645
1.89794210221206
1.51994567555824
4.21808727931262
3.77987434133654
1.50444240849024
1.5330444521132
2.67597167684842
2.6966410983227
1.51238731875857
3.66651840189329
1.61571712820156
1.64755830025414
1.50193815208545
2.11407124880866
3.12648167030893
1.77410940428478
4.62398389861365
3.99089380820495
1.80213465174054
4.33072336709852
1.76353493825385
1.61808963913389
1.8242599825551
3.17762217108715
1.52247119080464
3.75250977102258
2.58285254528327
1.7329316029272
4.35513400141093
2.85693546053768
1.86410924365902
3.03936481381397
2.71200085169111
1.81215303017122
4.10470704230264
2.31710693350507
1.50135989553108
1.74509726574772
4.55397467387964
3.86617442218715
3.25594423288421
3.30045946354331
1.50040486059789
2.3607081780562
1.61218605540235
1.50014215663774
4.67420901726999
1.71044948529361
4.63831762147318
1.55028988294996
3.32175680299561
1.5268070825074
1.86856617601842
2.22311733092108
1.56658155740412
1.90922148491848
1.62343058097253
1.51142935253434
2.98324965497051
4.68953568778627
1.84011939600701
3.16940991747509
2.4596426430848
1.7756486206619
4.35797152492872
2.82354611699627
1.98428272451725
1.57252967880198
1.57300643324829
2.5320381015884
4.2841727789363
2.23690677671506
1.52736523557214
2.38795047086855
1.57090337129433
2.00167772733526
1.57560565742167
2.47426570855124
1.49937726941601
1.62472565750303
1.63308030518472
1.60454136588247
1.86725104792455
3.94388447443126
2.91490515761413
1.86008056177568
1.5320332043866
4.42519504383214
1.91784480886009
2.637020923933
1.55016331829564
1.71462604739314
2.01969915778425
2.14132733005063
2.66402198604281
4.54134032056612
3.64868250236558
4.53187707098043
3.68498746890404
3.8542598335065
4.67279893882466
2.26262401915376
2.96619119576694
2.02675022646404
4.70347275139066
2.42177324709424
3.1250639701965
1.65527718952195
3.61382244643606
2.32195399115237
1.62121503018316
1.56492628386737
1.49898820332815
1.91548045049242
1.75545551006282
2.11661678393468
1.60479279564924
3.78008981712789
2.39091674523942
1.51124410577794
1.81817183562228
2.07469023474298
1.82486558351478
1.64484558460114
1.54477253530809
4.43250231264908
1.50004900752408
1.49964845960607
1.52555972805801
2.36862933513054
4.61635773756533
1.49896396453675
1.61402631654166
2.16220871608479
1.85616057980719
1.50052551550761
1.70915689271252
3.24997481123001
3.93877634954991
2.08530648285544
1.58643908248597
3.16674028301542
3.36274595306078
1.50649049047387
1.83233090525451
1.66340976511708
1.54436460116599
3.52163588526273
2.49646283195446
2.28175216076625
2.97834437004365
1.79346728837985
4.67505953734816
2.1337874175877
1.5012469652809
3.85528452833109
3.14871677498178
3.48780360456775
1.74782146801462
2.0485302948013
1.52966146911031
4.30198067187045
4.34539361146613
1.50459522951414
2.66943217341244
1.94226506816407
1.93053403698895
1.59060704196227
2.10230144252764
2.3833077936125
1.58295561651844
2.84469917498703
3.48596245923932
1.65428629660871
4.50421625137237
2.30796025121624
1.5000381094646
1.68811779323644
3.16442665707072
1.83136030046157
1.85738186826171
1.50444308169547
1.51711092828391
1.50473963743667
4.59713021215065
1.50782888793004
1.52289653637508
2.58567198765769
2.61647109863947
3.1233920620178
2.01536918395218
2.04352854246395
2.62807697729791
4.69119590778246
2.30208090714407
4.57214834144657
2.40543094077299
2.11072137268745
2.22745772678646
4.66644411249463
1.49980051101896
2.26638764283827
1.50136411461588
1.8390291244321
1.9715116354675
1.50188767850476
1.78709855181183
2.2314107749192
1.72408818873703
1.82662411210998
1.62796782405289
2.08114303440875
1.75118993611143
1.7718961677761
2.29675951662289
1.92490580086569
2.71973349513435
1.5633546301095
1.55702020223022
2.95838470289076
1.54067223972795
2.00728718582167
1.74799729878107
1.51786181125442
3.05818835309706
2.69566590373132
1.87765753164914
3.89275270923878
1.6569503773956
3.55649364229434
1.49902530655013
3.26710961839976
2.177145702619
3.07895294134264
2.79843565156974
1.63315213703065
4.34942159167668
1.49952394986036
1.66012047282225
2.889729952053
1.52193288821576
2.2431748928814
1.81059255063608
1.77482079822366
2.03298171564814
2.78595269641385
4.40594583303608
4.49851469168821
1.4998400912777
2.56539015443906
1.56255255989051
1.67895405516623
4.70842955998234
2.61014087988326
1.52131762524747
1.53653308453153
1.88602630122986
3.99517759820978
1.69296162284181
1.49997609295627
3.82891763670274
4.26628038313774
1.86530991604745
4.33469311578375
2.10063953767175
3.18938245756223
2.74951356770683
3.17325857561533
2.4924626328333
1.50119530382796
