1.5760660186644
2.07281624596944
2.47078690649229
4.57397236307939
1.50869714004895
1.76393045195924
3.85849299892406
1.54665303209999
1.53225659157185
1.9976300150168
2.32506360196274
1.57348933000724
2.46695746666299
2.24277490673613
2.4255502384175
2.71401910261359
1.51803371013991
2.55054515786766
1.52124093451837
3.28994561268899
1.69180799093692
1.88185394720239
1.93472989004613
2.62889012808556
1.50415691010303
3.70080305216121
3.45103521638962
4.10215231119811
4.6723926444948
1.92282505216189
1.49953354455555
1.78839654634756
1.968030416662
4.63084714818631
3.97579006245632
3.08103904065785
2.04696823571456
1.51445781648674
3.53868399230064
4.62185592937405
2.15804586383743
4.33393226803252
1.66662036732985
2.17918232245711
2.33726327424488
2.29704504362856
1.49929941702272
2.50035088744786
2.34314498673214
3.60007777372615
3.85719286531206
3.3847096621923
4.63226843929929
4.52777426686447
1.50192006683123
1.74433380550617
3.95592835482081
1.49922756759444
1.58808819631098
1.49916384338708
1.6376031746512
1.68192389236298
1.54762850592683
2.33745477846385
1.92775480498534
2.77313678278835
4.44584537010314
1.59046423220754
2.1762225738792
1.57326033528067
1.58033969403038
1.67600219009039
4.14395020808165
1.5250016256432
1.58640173511707
1.61232572764277
1.49999104975248
1.80542611275195
1.93154756372561
1.87545512037974
4.56764802258949
1.60797236252152
1.84944935546954
3.56828879561909
2.40001171381034
4.70851904303165
4.34730568736274
1.49908693055302
3.28187225642559
1.98377736173499
1.53245768386293
3.01682698478725
3.13027053221587
2.43786754796882
1.56004856737304
1.6327823871227
2.93667880001991
2.49013791294005
4.03670912572021
2.70575989931919
1.69352607619473
2.88887880672753
2.69236119180634
1.87830865844904
3.9952773120167
3.78580946604637
3.1214975875079
4.69166792168647
4.56800028494955
1.50454080177228
3.1340296714633
2.14509779650193
1.72503414069073
3.55463978673475
1.50460828569594
1.506213967071
1.59319594485646
1.97927244320775
4.69270288707747
1.52890851560931
3.29422249634214
1.63493659111294
1.61022185686807
1.81446875932976
1.50040552549792
1.90914423005596
4.61725048285587
3.44131382192848
1.76912707073295
1.50393021840683
1.6013706015835
4.54563189669142
1.86673949662873
4.5482749086905
4.15903299995086
3.91481745178353
1.99333154243768
1.55126840759065
1.50007201024219
1.51828100837765
1.8758871291432
4.6985557956365
1.69197687334226
1.76586929410834
4.39213278652811
4.45732471506962
2.23738528187597
4.2884988504031
1.63820346572376
1.65318613883097
4.38810854430332
2.32306857276763
2.39370906769208
1.50249333378842
3.31677437298775
1.82328419515319
1.52245695668108
3.96147783299227
2.61864605404795
1.53449318259177
1.54979571711336
1.70280282835647
1.8471134537884
4.1477504368813
2.9957587346137
1.59558630982565
2.18444205647777
2.36110153097607
2.96530265055665
2.26259293512785
1.51568525298444
1.91086925275403
3.63706787264068
1.79444186425748
1.75303144336629
1.50308590662489
1.72128477996807
3.2252116011981
1.83836605233108
2.02443079977515
1.57755329944883
3.03188425476872
3.09601114004167
4.34488701613786
3.92349678024611
1.57709453667315
1.50884784979267
1.96016836983263
1.80196043760543
2.6529892452095
1.67471605710422
1.74709754179066
1.51125980483336
1.51033216875561
1.50054644639864
4.63878191370556
1.52516044399343
3.53251531923137
1.72971875823546
1.53378386253385
1.77835932030811
1.61336962549528
1.80773496094189
3.20952598462199
3.5083503011829
1.4990273071082
2.28334580287301
1.72235246239723
3.86563174276218
4.30717857731298
1.84123217810105
3.49019067774481
1.54808534514665
1.7881880157183
2.90532609483579
2.37365885035728
1.51172062014329
2.42794361427568
1.51273596341793
1.57328043315773
1.49897226957314
1.55147679232087
1.60842885205278
1.51633259839341
2.22256365331021
1.89612278521002
4.70795684299967
2.20906236685802
4.5889934726474
2.75792197262544
1.58365018465985
2.80591213864567
1.67555536211381
1.53554976368762
4.47237373385571
2.09744132942463
1.77871156172351
3.96211930209505
1.50023653036132
3.46702734476791
1.88476352139362
1.49898003481331
2.33623898645509
2.52844974554363
2.37345062538073
1.54351443400618
1.55057368586804
1.97384045414975
4.46726221364831
1.64466101172818
1.70507780601612
1.54654541491829
4.1510551662537
4.23935992859754
3.00795324546763
4.6316908617503
3.11795098157781
4.28287065623932
4.70257569501863
1.95829558706343
1.66171082650676
2.40794483298068
2.35396222091249
3.68841619509178
4.11377067681378
1.88816792449488
1.770598275902
1.56761379103582
3.37853925300885
3.16137930004917
1.58464127608203
4.67782912464818
2.44118316931994
2.10072340845542
1.63652994950263
2.13255120886133
1.65524516074698
2.73476016933082
1.52747600404361
1.57007130241196
2.01900815205389
4.26836066575816
2.02500187166802
1.71127840976747
2.24953373973335
2.79796787480428
1.50700267770446
2.38782566001798
1.9166324291259
