2.70929053557044
2.03913394652577
4.33748220419273
1.52930351618154
2.78690792752792
4.31719241258511
4.51731363043783
4.69688797474454
2.27172791647878
1.94446979960256
2.1453676550124
1.50614477109481
2.01470660941555
2.46004424196576
1.5894182007563
2.71235664842403
2.39809008503777
4.69020430221051
1.68330550632327
1.50352960450165
4.6723469021445
1.5109249201221
1.51671991795089
1.49908525546105
2.74871158714863
3.70094994482701
1.85505222815255
2.06578674351676
2.40089202412882
3.50156349097729
1.49899090894927
4.36406483934358
4.62828944166428
1.98017134537127
2.06851924182929
1.51195413098418
1.99634925586254
1.53715993773141
2.65446400403277
1.5110964117747
2.90489058201012
1.50748350535905
1.80360675823775
4.70567427433237
2.2689708141646
1.50406474479827
1.67996875014999
1.64377890293924
4.29309252043695
4.00025245754983
1.50122561253032
1.81235653645108
2.02819367867663
1.67406591898162
1.50339661250408
1.918951366973
1.61951626068601
2.7398869758563
1.50639822220304
2.29926636518675
4.51873015648313
1.6141261926294
1.79844436861962
4.50064848188527
2.47519545758981
3.2222137418543
1.5250747612905
1.68891749812133
1.85172272944379
1.8980393716141
2.36876098834807
4.45276168615097
1.50155651036934
2.61434002069211
3.35201766861255
1.87243128376076
1.65928486458014
2.89555910137016
1.70182130415841
3.3691643039114
1.74232801244308
2.92811182458254
1.60840233831627
2.4440829059218
2.21511352553703
1.72494770464551
2.86689738602466
1.49910305147865
4.20576472520234
2.62869584369414
2.34932164431065
1.50723493121018
1.54372277002226
2.06150366585043
1.49905897179043
1.90605766749556
1.50902681571991
2.2112567512592
1.4990329395818
2.25088990146736
1.5321740318198
1.77377986355619
1.50786229787093
1.50113827457367
2.38400596025612
3.05957473359115
3.34853529325547
4.11971321454723
2.2784129007073
3.72908906582598
2.11211721902062
1.68936634788196
2.25894318390882
4.41316816496144
2.68931248317597
1.60000688429556
2.48935606324964
3.15841872732161
2.00729301883678
1.56771603082228
2.27717620646601
3.6232304314037
2.03289012927927
1.76891050306737
1.59959089245288
1.84339199810584
3.00548982074044
1.51295537665756
1.97079468048287
2.77293570444395
2.04131378277778
1.82799593271669
1.71527760930678
1.70487728266419
1.57631440513636
1.54677430315193
1.66333961166653
1.61926002135487
1.50724163004757
4.53026789905027
1.50112412143826
4.26186538014428
1.50862722809829
1.71956871194933
1.61598628314496
1.80110392372312
1.75916709999737
2.38390215826263
1.83699925036527
1.50624432158049
2.50861844199771
4.51713100686476
4.65247036295929
1.57312154375504
1.56169660540751
2.14264163992051
3.28459858389785
1.73121825947951
2.79449248281664
3.55675787468825
3.81362924207751
1.51670010741045
2.6130792109561
2.65571905434455
4.25795914033604
4.31980299918369
1.6018845871053
1.54918355062421
2.40069275151978
1.82651280291011
1.60803120457148
1.52997718031174
1.56959370372176
1.56026803444044
2.98396043313142
2.91048451498732
4.66415466395217
2.09479372451867
1.50649085947341
2.0103443222101
2.57649723209178
2.38695371192923
1.95773242435118
1.51227782544051
2.38882225128606
3.47120414773258
4.70304919165727
4.13159163064901
2.82436448011567
3.91624594815386
2.60520069966551
3.50488448311164
2.01168060714662
2.39597965587216
1.93723030954735
3.20203367087666
2.6344374649243
3.10409965974012
1.74815988305453
1.75102271031718
1.85689420155061
3.17540674204122
2.65845834888865
1.49925490638499
2.1907595718585
1.84941525750389
4.70626375482616
1.58539885690124
1.60652962338363
1.49955560390162
2.27941736190667
1.64396779918653
4.43880946314688
1.84509832205334
1.88983452139453
1.69987353157058
2.55608861805556
1.95127495606604
1.57108145483885
2.67831754583234
3.29383138693929
1.82677558781861
1.4997799180784
2.53351618673096
1.51558608605641
1.51234493722742
1.78028352583789
4.43134195348605
2.04119254359929
4.33079254657269
2.83968088247972
2.10158930612675
4.60906950968192
4.63117707240979
4.67522088275705
1.50006649683669
3.34108796151318
1.54050699451132
4.64571771943397
1.71502021126001
4.66160626008411
1.50950044442689
2.00956207868436
2.74021251126726
1.84610524485439
1.75508052093811
3.3076791281464
1.51147649676837
4.23411334014684
3.94217753334931
4.57845519739643
1.67895566458199
1.52166601291386
1.99021242315935
1.70719650215812
1.62778929075631
4.02678425195201
1.59259473404261
4.63041226638679
1.55941435970631
4.64775526477645
2.36399393523212
1.49900263689083
1.62699145956239
1.96895693932413
1.71989068301902
3.42772143802691
4.10579713752432
3.89827838281528
1.74577426357308
1.51987376499622
4.02238074446574
1.99358484841466
1.50030297739152
2.24455989168428
1.80658381506648
1.78103380298906
1.68337767729568
3.66641498379132
2.41973938182748
2.02713206569822
3.08081201993278
3.03381992897843
3.97158362197665
1.72298647996355
1.5020558013
1.52400587120452
1.60889463143953
3.76795756577311
