1.50402413179668
1.76625053223608
1.94312273803896
2.9656814630328
3.12319558206633
1.70087397185091
3.54819269192667
4.7034103465
4.0382697361203
1.50556839442048
3.03238083470622
1.52059158568537
3.68357465501849
4.45979966307345
1.8339723310697
2.79013774038114
3.91841169867751
1.49907342527643
3.28682061797921
1.67578074969901
2.10352080900272
4.36196059087516
1.49897993877629
4.6827998047457
4.69629230413472
2.7993734072651
4.69961414585261
2.61766263482851
2.19676646533864
2.00432396829474
1.71767263458063
1.50686087366976
3.97621956241081
3.85658803326483
1.4999521196401
2.17105588267711
1.58224480449728
2.95248421852955
1.7657988838283
1.67471360771517
1.83644728288486
4.56460265413122
2.43230050502493
2.24671597614058
1.51965560766826
2.32236747319889
1.49990751215546
1.91348209239272
2.26930703392709
2.36828698632184
3.87394389010569
1.58146145833836
1.53101656061252
1.51451762788908
3.62945336118417
2.73158141876727
2.51326616155044
3.04642384397614
3.51502613576486
1.84517401493384
3.97133475831568
1.76950744091038
3.2909857811747
1.56252560620874
3.71961946663947
2.02191654423341
2.35052983689768
2.3645808333785
1.49977417172847
2.30250385237188
2.42903084867734
2.26276272825392
1.6398981755589
1.9373586825752
3.5378853985378
1.74994782840493
4.5116532390164
1.57073312406191
2.04996445444271
4.26923317741288
1.77881234813475
1.50275413643634
2.21755790675276
3.70103275287217
2.71483496562234
1.49929121261414
1.50305303523952
1.70054496408738
1.62165558459969
4.16674215634971
2.55250507100274
3.46125584836092
1.79121607854086
2.93273908249806
2.35075070579958
1.98104062400519
3.87896876920949
2.45770425432815
4.43176542735696
1.81935436227416
3.0151753501313
3.74893421059766
1.72030877107202
1.54069829193069
2.6213074941181
1.56627232230843
1.57844146832537
3.7762011403795
2.27658988054617
1.69515041991997
4.40447370333609
3.67691120380604
1.52595201372333
1.59232399011656
1.85890663806727
1.50183513617016
1.86181673332026
4.70713670933557
3.68735679667465
1.88364668911046
1.68666075310508
1.76023426587524
1.56698197728721
2.1802880342426
1.56895380421773
4.70614068887182
3.50088062409146
4.56184003542533
1.78957783261145
1.76876763504585
2.69768304538882
1.86613196592686
1.59436154823219
2.29168818968511
1.99891493696144
1.59824414879631
1.54742674804534
2.19477391390623
3.05980667833186
3.058840383523
4.65072338146608
1.5307903804595
1.50820968526467
1.67263262409106
1.62542571584346
2.64684367633317
3.75831054192168
1.51383644595865
1.74953607069619
4.11573505210334
3.69446069875832
2.46195939790642
1.76591191489703
2.71338190690941
1.78611260398033
2.20822189675354
3.7687020298277
1.59396989101764
1.5695418752993
2.33341119253565
1.62842881563603
1.65718578108312
2.23564398580884
1.62024829595669
1.5025017155914
1.70294041059732
2.23190929096336
1.53889676941589
2.66052252734479
1.59553115273344
1.64584874064469
1.64323317174383
4.09868984669152
2.38412212728879
1.59488517551861
3.47609614079927
1.5755190556802
1.86857480700298
1.50288317558177
1.85316095773619
1.49987683121548
1.60895196648647
2.25983307829395
2.14841359336773
2.89978228385063
4.49637329394838
3.19255787867523
4.69474665033943
4.39967734233127
1.61535913150124
1.51985050537692
2.4607438924883
1.53328684705438
1.65721564579047
1.8104106778298
2.24654655687607
3.78099923309866
1.89955487765824
2.67115445503698
1.49967082892895
2.35793058450502
2.01188979380984
1.6572907064175
1.55176412778871
1.559794563041
1.90027763494597
1.52646721800505
1.56111086567443
1.50591318666587
1.52710139412723
3.58797987136972
2.36175650385671
1.50095219977091
1.68457442031897
1.54925345175749
1.55590273724141
1.86018435558589
1.69533249286483
2.85080025818931
1.76782520916409
1.89776951785266
3.95367124402297
1.50948348534809
2.5860873344624
1.50893642407393
3.83163570102173
3.81412016290671
1.50939676823177
1.58673018854253
3.70509948792639
1.52708025643097
2.14504551519511
4.52867441539053
1.54780623476874
4.36709260432006
2.12812563177975
2.43971884955498
1.88528511201482
2.31961285121932
2.76973348161759
1.79586653156406
1.57153538959855
2.40247052603928
1.50181176896295
4.27981547178611
2.04620632450275
1.54880631023687
1.52207854589956
1.69401624879016
1.55247670711269
1.72113858739535
4.21273927427373
2.52687527744949
1.50251685820761
1.61683344085836
1.97267330728287
1.5041576874872
1.5113332056874
1.66973987371929
2.40553500312182
1.50636288758374
2.14965348324652
1.59532057043158
1.51420581965507
1.49896548404025
1.51411851986394
1.55788550291641
3.61977660808522
3.6036352005553
1.88344521439392
3.769995788322
2.00781242189941
1.83102640107
2.08793864203652
3.48253217695779
2.99901508270601
1.49941737649397
4.50859254561553
2.62415961473399
4.70483940684835
1.64500226465325
3.81026934427931
4.70871403964212
3.99634499793365
1.69329012606928
4.38007457146402
1.52403389723928
2.35879131705742
1.53091778461455
