3.28157937017345
2.5516878449813
1.65074535126914
4.4031292309993
1.51509237617833
2.79779296945863
1.80822148814963
1.68950240164394
1.55095290361869
4.57393646217117
1.50178666135811
1.57536599475571
2.38332511297665
1.63805087926136
1.58707100993633
2.19945941085172
4.14716430758134
2.01598703176301
1.56812579426645
1.53102133425551
2.61233619611062
2.20040481074531
4.58981122275576
2.41503945040566
3.83397952335146
3.29718491255193
2.14606736209455
1.88351509399561
2.95074391257895
3.55756869932315
3.80277670148121
1.55176176244567
1.59346987343318
1.72772016093115
2.76762201331115
1.81681691962374
2.07732699948453
1.79986386274209
4.37571460654906
1.97647357195958
1.64143902541059
1.60108282824694
1.59565752088908
1.51273148919266
1.8341136869677
1.88765102120285
1.7205228303047
4.44180940707155
1.59963516741637
1.78420533101444
1.65776201136284
4.49354125772878
1.66844329019037
1.50601227702882
4.66800400311675
1.50873009380116
1.9769862192722
2.39024029304835
1.50402411259763
2.89894103347584
1.99512927774925
2.43820036911694
2.9019943945627
1.59326945085164
3.0992722897672
2.38954460446181
1.64934827576356
2.72910116192775
2.77482718405557
3.53399256170353
4.64243899378658
4.39628358259522
1.54908652904449
3.94723673208523
3.62382254727765
1.50189279769547
1.74595294953599
1.87448280820828
2.90064736773739
4.68717962930273
2.03915512769066
2.38163324348676
1.58071506355124
1.58628939584997
1.89809673846127
3.94504764659522
1.50255954274857
4.68850505115629
3.19761142551831
1.5923641785815
1.72217568142598
1.49896678848472
1.50296692209942
2.75149204728676
2.20165576325884
2.16348679539763
1.50010839401676
2.0441427232728
1.64247060392598
3.31708486821226
2.09007711052022
1.51994934226074
1.81903313079675
1.57109870833608
2.36331904787445
4.06173160167926
1.83112564103156
1.54706987612234
4.70711359521538
1.55404184709044
1.63809384031241
1.79257184109665
1.59125328063438
1.51128381809488
1.77854216089139
1.8896673258282
1.49901101669299
2.8990637020747
1.60419426122646
1.54540038024884
1.49947133358595
2.81571990985535
2.14551628207502
1.51552271812311
1.49896475945143
4.43775130782863
1.84003007699349
2.93365300321223
3.97109351658928
1.73151980245176
4.24052880529796
1.80026041826027
1.8868631978555
1.55717674047149
2.30942945165447
2.60774615176186
2.29063461641373
1.52394124761962
4.12990148339933
1.57078665822591
1.58729645932965
1.64105208302518
2.05629707771162
4.61619155316602
1.55382188668578
3.39853068428528
1.61239087778426
1.51267807728266
1.53716834875319
2.5928474631229
1.73544036240548
1.51144632293841
2.24673651281491
2.92236019168997
2.23255816279869
1.59902023529394
3.18217578116209
2.1458367806377
3.8335788287486
1.5117603386489
1.78947771498041
3.97170624478509
2.23451939646628
1.7976461437187
3.43225124495923
4.57695725059005
3.69374258987152
3.71797143984218
2.58413085390792
1.50275584898994
1.70735839042211
1.74174416126987
2.24332954580078
3.36924094820126
2.19862077260154
4.42671039243604
1.83297741985903
1.63262180939873
1.81171530733884
2.33461338530911
2.84763773472987
2.43578719757187
1.65426310045955
1.64755311424367
4.41742673743165
1.49945975482523
3.90411870745386
2.01902347514797
1.6898666992933
4.34991876366386
2.3476323261891
1.57533415579024
4.32798465431419
1.88622642328518
4.4290441868843
4.4359967542678
4.50877122461894
1.49903760204345
1.91044288929308
3.87032994103259
4.08379586438135
1.91317115873659
3.04960972665485
2.44077780276459
4.65500203410963
4.37617903618277
3.06544246982213
4.49480261778632
2.40404109496009
3.02539484183129
1.57832693366211
1.50340928722369
3.65474277349571
1.64775090615926
2.10981542462834
4.53226544209741
4.6556330720369
1.7800425916351
1.49989621238075
2.87472099864068
2.88567282239687
2.24702720383175
2.24013125111196
2.73640298362074
3.29525552042158
1.51427198597715
1.76572751731159
2.86874576381801
1.55081795723997
1.55834669825574
2.57428830745488
1.65913162624949
1.50939831850098
1.61481585231914
1.77461266699179
4.11835929941349
4.15512941940183
1.87126187462127
1.65420595505656
3.55944491758329
1.56893780428607
3.21431542764101
2.72755043893503
1.51984498022751
1.91253737282151
2.17717918754903
1.5843427785562
1.59595985156017
1.56828864429996
3.66972694868193
2.2358623550506
1.53998950821429
1.5009317472045
1.62683578444182
4.01530911604496
1.57480111212497
4.55221093832746
1.55732381465864
2.68288452414443
1.52044362511632
1.62547472098707
2.17414163616141
3.01996899312285
2.88670943370598
4.65409438647592
1.49940724064395
1.86083527429068
3.59897185044713
1.54881876860726
1.54021148506457
2.09470220056184
1.64969338432172
2.0318560493586
1.61016165717954
1.67148021805672
4.36746430060476
4.70522581206477
4.66221642094168
1.52896651149583
2.68209027300978
1.76715848202852
1.50995710637406
1.59826320899698
1.61482823526201
4.10932355069346
4.70853980100702
1.99750177571318
2.93474603114547
3.64018638093679
