1.5032148011793
1.51140221902438
4.53664578955061
2.12995358232075
2.40757751144283
2.30099534173967
3.92416360253475
1.49924306664498
1.50169925317143
1.56024313803374
2.89097888430609
1.53279872244385
1.92520840114375
1.58093834363161
4.07447939728255
1.54824493547014
2.89439183063438
4.38135244175055
1.56843214093032
2.60013725904878
1.52910344100915
2.21778280355853
4.6681938866657
1.75331188189298
3.30668727780778
2.32108988467446
3.36127226436151
2.86035400183779
4.16279158742408
1.80134219417702
1.98486453072497
3.10961769432634
2.03877204390528
1.50019368882512
1.95474760487072
2.64920634390144
4.41981738376686
1.67966863294985
1.51511894775856
2.75352331467081
1.50145782255972
3.17163546392504
1.97368370770731
4.68449414347041
1.49948318413853
2.83225163929714
1.68737946248475
1.5006913222304
3.07227780233813
1.63639114015333
1.50590296610001
1.79350012138277
1.50836513904745
1.50599422964167
4.29919890289132
1.5186771143218
1.57677512245641
2.11517053006832
1.579939696155
1.82751806333195
1.64583099366377
4.70099313782692
1.59379995594917
1.62671159912729
1.51207023430353
1.4996009297928
2.81095787770179
2.7613821404109
4.70862065508749
4.46682903482518
1.59774001791668
1.50343548153422
2.07861021064987
1.79421019668994
2.01081222282327
1.57836196291148
3.15710187032612
1.52531683511558
2.92000572226184
3.85082579085079
2.50777076271051
2.38673890415003
1.51760434368417
2.93300300096573
1.98781672765023
2.73055492179006
2.55900336563466
1.60203058606788
2.27207089238128
4.30243802231271
1.66034643190925
2.28182785627451
1.89119660925573
3.9515177061018
1.56842864511935
2.65814986539529
1.501265892146
1.55564914642107
1.70918081759816
1.85425824490863
1.96563556479639
1.5281831232384
2.79781758281491
4.07762989603608
2.57047323253968
1.78329995658553
1.59016163579597
1.91808857478541
1.50308549887131
1.5173342606464
1.52854361988313
1.8080322682663
1.50868684413327
1.98610569345116
2.42904481309411
1.75561248395888
3.19119188049371
3.17332767645976
1.60335456566078
4.42936632022733
1.78623916203029
1.63271260224805
1.49939213579164
1.55984789812553
2.60914609651299
1.80699192101368
1.70036629913986
1.50466088370358
1.99827539783806
2.08714136903969
4.63853169288988
4.23728757084832
4.61401212361107
1.5063381123518
4.49062295052552
3.44172609659656
1.51256169151485
1.58053929369743
2.87612620692946
1.63380020518359
1.7036903530815
2.35096802011148
1.5785748506703
1.64169759283711
1.5122734376456
1.55522543388729
1.54201108807194
4.16513737319154
2.40420908548964
2.50208049303054
1.76252609671064
2.94997066402683
1.99960247923698
1.53728308137172
4.36420567860577
1.51653821934592
1.50163397482006
2.40242638631018
4.5633198272829
1.78034120966633
1.71122270616278
1.61474685379793
1.75634409590004
1.49896396917429
4.60258220755327
1.52787833512931
3.33568848057102
1.50325483651994
1.52101227359698
1.89846303017775
1.53759886083701
1.53490876243993
2.57087867648468
2.33703985522747
1.57731516997804
1.74810356640357
2.12090172524161
2.17181997413452
2.90586843491391
2.38962567042537
4.62799517328456
1.51883789284322
2.69360519505831
1.52577088595214
1.50602135329106
1.51869971915411
1.50095646203714
3.33143207740728
1.57158432893412
1.5670575615127
3.83396737087415
1.58133797847998
3.69504203257132
1.76612509529115
1.8498252672238
1.67187108555164
4.70859984549777
2.17570990189343
2.20662448567301
3.06322756967217
1.81851272859454
4.14119899212413
1.92833220566544
3.37334139576922
3.02692048057047
4.53711309836507
2.5021505410524
2.57051970075674
1.56548575680357
4.29952376772028
3.33601888932252
1.62869725866199
1.57386233206061
2.16958099078461
3.90373660765533
2.745908071395
1.64570220471698
4.69524863041468
1.50559523987214
1.51054823831791
1.93172734874993
1.50452713981132
1.5565104437859
2.58538076253992
2.10617483126788
4.28714435229022
1.73790159710793
1.50017933220318
3.77664620519293
2.04755800914483
2.46210179508659
4.0588806491163
3.32385394960853
4.06285850589962
1.76382517721005
2.13402764903195
3.14339426838205
1.54089399388399
4.70872628403438
1.92475570105192
1.80760238390962
4.60384657730068
1.56625392816678
1.54346201188051
3.65536207502355
1.52031844430452
1.51405684546668
1.50031538724283
1.61889076060681
1.69882993379855
1.51027160494461
2.56333488074055
1.52449686945723
1.5302862268774
2.46643715430907
1.51037507489206
2.29075810960716
2.90088563968513
2.69977581647422
2.00809587172773
2.04958648936123
2.01304814787246
1.65494273561359
3.24918776802175
3.65186513770623
2.39919753635393
2.29606904947025
1.5188770046412
1.54366095489384
1.64634764939274
1.65858405100616
4.57940901384181
2.61541043772552
2.22889209699094
1.58302996312033
1.51625174084364
2.71059469260892
2.69511089040171
3.08506853482279
1.87098746947832
3.32202500859811
1.50586502792315
2.24639229152499
2.10608074036578
1.51882155025863
4.68827100565915
1.53209773973179
1.73722022413299
2.26052688042595
