2.59024191522203
1.67635278674993
4.66382092131906
1.55203673292511
3.54704494143584
1.59194283634125
1.50085383935479
1.71102607850349
1.53727335284559
2.06714320725629
1.61090409390483
3.42930124312756
2.2786521760366
1.49899363445064
1.51305761250985
4.17492303244846
1.79234314532895
1.98381448416569
1.5110138690375
1.54220222785729
1.73636359320643
1.56433677237597
1.52938661506196
1.54622577649522
2.0554463295227
1.62961076657469
2.24890147427979
1.59540347636203
4.4105475119168
1.73937362355003
2.04305252010351
1.83317995124241
4.08342948647727
1.71410042286965
1.52026159697193
2.46248112314218
2.30456508394634
2.73182335403483
3.18177763443665
1.50043569187217
2.81333391788758
2.36805882593091
2.06696385006053
2.34912556442736
1.57956828867326
1.5012419745298
2.00272641897517
2.00519133415271
2.75062461365529
1.53993877878799
3.10968719119849
1.59727742061211
3.74557633146424
1.84455065124094
4.44174815455306
1.77656326470304
2.11664713650611
2.13590774419915
2.36369035038844
1.50518090621971
2.01647480819312
2.56477141611261
1.89564672513282
1.57008110261501
1.78528087723012
3.40816068939724
1.59588286072466
3.74013540110496
2.07053616037839
4.48454229008453
2.00175435790839
2.56852587592722
1.92874992491798
3.70934668865285
2.73305041748166
4.66813940669104
2.48376501346902
2.54771718406246
1.49896568841662
1.66542284604685
3.18567872839947
1.60850205299417
3.20126004052289
3.63473560975099
1.53041753575622
1.71089364170053
2.41841600552058
1.56936997135233
1.7111773875411
1.69058823086862
2.0645893468879
3.61040231947632
3.64160350345086
1.53705442369364
1.60966922955104
1.50238782253943
1.67177965235083
1.5393607358501
3.18459080515488
3.00828539398255
1.49939189860109
3.53148768229147
2.98351874356817
2.0045917044003
1.84076879851124
2.00737652969558
3.15172657650173
2.8603751669605
1.5877970150985
1.60930920754938
1.51214037672686
1.96149117117355
1.77199843456618
4.65341388409748
1.51479307549744
2.14133629475582
1.57394814280476
2.88977070769995
1.84154847266919
2.17234599674018
4.70829726242401
4.679322619208
1.52874727596046
2.92193777503888
3.06433591172793
4.5440446410599
3.13050633331176
4.17418774793131
1.9894730994452
2.17311494874365
1.50433556291081
1.50363232567289
3.86216889443489
2.23970173164559
4.23603046902329
1.77854999912453
4.65324151164456
1.49902578719847
1.85507741656569
2.02177310313258
1.77417044799566
1.60525019734038
1.62259647819281
1.79750460669287
2.23610445357737
4.17600677275269
4.04136066427847
2.91919176958605
1.91225212921983
1.60781895762063
1.60320084406072
4.70207683346078
4.69964039894741
2.68867121123996
4.14686713518679
2.53063958712671
1.97640755718445
1.75763323538114
1.50264377254791
2.57197625926418
4.67999679075088
1.56497929977952
1.74162315969881
2.65786805150885
2.86850968018712
3.35010110706933
1.67221251895721
1.66928990394934
3.6800284659547
3.09554832669016
3.77402266254894
1.55357911466195
2.11703366658863
3.7766670184415
1.79076444328569
1.54339525900036
1.53061460382492
1.61213782602854
1.80215155435814
1.81506732487581
1.50521635767258
4.25639248831331
3.35704269669757
1.50154542518598
3.70195623132583
1.53894951657717
2.00070262127367
1.73202264088176
4.66570488755517
1.49953169825014
1.50328699295427
1.52225788407589
1.57922132103584
1.55071393348102
1.96425062101566
1.53544836419377
2.23040606904451
1.66678956930496
1.89500239198224
1.58350072192671
2.63451602540245
1.52029380286735
4.03852995559342
3.12487019097556
1.50102267301454
1.5017664419673
1.53843430105455
2.13562164211388
3.33293392211753
4.68304379279364
4.45378729578771
1.54922189512153
1.55365970986169
4.68881897339893
3.11690144599762
1.59257388148671
2.0469906877275
2.62346581054838
1.59209696826658
4.05189702933211
4.69103492760829
3.24060190239527
2.05446279941839
1.53636653638974
1.57385984528784
2.08315863681557
1.64913908384268
2.57260269912
1.58187633464139
3.25712258528102
1.97120009501985
3.04243728350518
3.0255196056313
3.72742688671785
2.72168692131641
1.51162404855816
2.23002807710142
1.58718852174411
2.17293521875822
4.28347639897739
2.17181187839244
3.22746330174938
1.52739803105624
1.53095881750203
1.56649924003079
4.5995558664677
1.49913485153115
3.32137112155457
2.33572590729502
1.53189956530152
1.51782561560325
1.50071579470553
2.05590609555957
1.62422282952382
1.52393117277055
3.13746544722025
1.55490049558756
4.42165819019145
1.76804188498241
2.21266813805725
1.54967145951653
1.58674098127364
1.49904757376406
2.05196149564965
4.64347202715121
3.74357573819235
4.06014634629772
4.34458262169913
1.52821115557423
2.23269362949641
1.63313194345502
1.49994194258032
3.74121904832657
1.66679161575969
1.86703703112735
2.37126191953521
1.51081380322742
2.14953583015903
1.71520272937637
1.64443671636117
2.88396505595651
2.01782136626894
1.59210893797205
4.4112256656
1.58025875502079
3.57251018099138
1.50179766222068
4.50560043100376
4.61217340727662
