2.44986453236076
3.82728095734814
1.87757709124563
1.53418510372658
3.442566241732
2.17343851515999
3.89504366981343
1.50373590194164
1.50648549394568
1.51662448980888
2.09570399314453
4.41335394261506
1.49926624191261
2.91787545180613
1.50815194211393
1.98310215054223
3.29711715142107
4.45582927441007
1.72843248695376
1.57810031327275
3.55319265846065
1.51246837705436
4.6602363248726
4.3453011973858
1.59288602094137
2.39958819956952
3.19824903100116
2.90838099969073
1.917541816798
2.08664578432525
2.80035498092519
2.57462653084099
2.08340433345578
4.19236172938706
1.5653308989152
2.45912679597736
1.60498730639853
3.60947022435899
1.50563557826819
1.74424739459699
3.95903887677225
1.5185027093375
1.5002637848011
1.69278533775448
1.76263407152939
2.04080871192747
4.56280146293763
1.50294160240304
1.68846223189493
3.13576374152926
1.62441986890512
1.5523074863037
1.85786595379587
4.09066905627101
4.69013793698612
4.19516750117107
2.51519844698667
3.05808470533985
2.30248276805522
2.37027438390195
1.74336987985187
3.02073517266373
1.60065543589115
2.68148094365891
3.09838970533995
3.26040196511659
2.46679802821949
1.83836170469891
1.77083482060851
1.5710885037757
2.38085723744158
1.76008531334409
1.71261385476531
1.91043503086619
1.53706855463258
1.73725569441343
4.37303166179664
2.9288614047303
1.51202781181093
1.49897422264153
2.26439885723777
3.06327097551327
1.79334940541724
1.69815085117575
1.52084944928378
1.56827087333364
1.52538865167261
1.93338473177062
2.58621980962361
1.50878518969754
1.69503855497925
1.51435713739355
3.09441284587231
3.24684323895065
3.57532559508154
1.67273612232205
1.7136785354544
4.5019669440413
1.67714481697409
1.50118790032319
1.50545204113876
1.57104147982113
3.29632638083857
1.64528462196246
4.15668747928148
4.07529514216529
1.50681403591047
1.59559765350895
4.22887268849927
1.74916060651938
1.70321644094767
2.39235093671769
3.32773641181312
1.65972626049109
4.0114379032351
1.61565555718641
1.60826954510797
1.64063703221405
2.77663052572293
1.68073872245319
1.87964398342205
1.69455695237724
3.3420202035768
1.6756587670957
3.43371352697378
1.55421411640558
2.05789656910865
1.49941180932778
2.74031150899042
1.88524329620384
1.59382714240172
4.62619829899308
1.53308375215321
1.66537469951065
1.84190650365858
2.15745514010048
1.72327855563634
1.50306978272847
2.05792538980609
1.84211757377848
3.11074539901876
2.30791280174939
4.64791505758011
3.72679331288217
1.50916453678642
3.89995332371592
2.24884772168126
1.68361971229601
3.87352244301575
1.52430500388055
1.64219830728597
2.59975510339547
1.62758597687323
1.51690419213263
3.96783450843786
1.69122475729026
2.31034723943495
3.81896346878627
1.50295446156745
3.14602955271814
1.50687074244101
2.61511716866875
2.90711890953073
2.41107810473946
2.61133514962153
1.50299793904598
2.64120912231711
1.655239664325
1.7243054256249
1.81030469839597
1.5093980124513
4.57341508945387
4.57667584137618
1.53179761565444
2.70099262021525
2.68397825911968
1.55140619508148
3.78350477416257
1.87916877635152
3.12232205397834
1.50040788240595
1.71492869108243
1.55254206272615
1.54136757842333
1.59724098387246
1.8465971547517
1.74289947709618
1.55184166541557
2.06061979176397
1.51027718176816
1.75339546571958
1.50087591537264
1.5054102511272
1.88804319224606
1.84651073203023
3.91902072476585
3.20286384276363
3.45576876822494
3.07045607026105
1.50235640008636
2.89447119300279
1.87982310476867
1.81489464428798
1.55125040720629
1.50890098052525
1.50563337555239
4.16707227937998
2.82468118969892
1.50088857280987
1.53875165741431
2.06882946826303
1.66903288858644
3.15333872407825
4.31650824351544
2.09495466644271
1.61113723115228
2.18238650449821
3.08740130195349
3.52353586763355
3.39268787354359
1.9437016427579
3.58075407369307
1.50707983693704
1.62926016985361
1.73857541746483
3.2093414313978
1.59742680910786
3.20954575244354
4.67491999622496
2.88910261312125
1.5985575615865
2.1401911594234
3.50616156886485
1.82100150411015
2.2656419426041
3.19012145701017
1.50282324933105
1.71541116316338
1.50866562175631
3.98020088784477
1.93286148825923
2.69864186194895
2.47449564720585
1.83150501215897
1.59192576005527
2.27840484598562
2.38985237236695
1.60269314909889
2.52560777754312
1.57969926522524
2.6557704072097
1.62042188629161
2.95824628934062
1.50075843410044
4.34210439146033
1.67435039717865
2.70558327882293
2.03418087958267
1.65973482616268
2.40839901807925
1.50347637594053
3.29236235452207
3.36883451694075
2.2210091196805
1.52495170446735
4.00221578751254
3.61237600524337
1.7643598862476
4.67119848317032
1.60512070288858
1.5438810633157
1.68467336343336
1.63285114791335
3.14325389499807
3.43418686364549
2.29290690895271
1.80353147826102
1.72180787922915
2.41530312985665
2.4344569553067
1.88480659222009
1.51724965049335
1.50477725398712
1.49918601361633
3.76484703341978
1.76320762570713
2.12158562985958
2.18722828762768
2.54322905642875
