3.3914477660931
1.50676703973071
1.99967675419735
1.8861025028319
1.60940322234058
1.56731037730562
2.07061384412796
2.37631317362829
4.53791612943245
3.1050199672694
1.71745087261093
1.56675854122021
3.02116127425257
1.54662969175426
2.7561655237647
4.50823316453935
1.87618672353229
2.05218401117456
1.64746923709351
2.72584135168414
1.50438764643972
4.65204489099721
3.48520409810553
1.50069763107468
3.66699850319305
4.19528097605542
2.01917231476126
1.51927554927213
3.05564814175757
3.21375550530035
1.91633696102142
2.73100619842009
3.01675811115602
1.6728515114079
3.76723918777063
1.54665983242445
1.61512897773049
4.57130213753313
3.92620234628792
2.22145309312024
3.54819335815854
1.54039087484244
1.7043020323481
1.57033295517583
2.38766511949134
1.82250388910278
1.87355167719572
1.9331712265982
2.17366953927964
1.70808889150772
1.61523352894588
1.75210197856884
4.09917038119567
1.75074818764784
4.70844270665363
1.67734853099467
2.46883264810969
4.70790922306798
1.90357743187374
1.50037202918136
2.12346961384944
4.31345495116535
2.18122177545157
1.56348015966365
1.6667063640846
4.63829896944277
2.38644455994417
3.76156977381057
2.37919510921485
1.50267219370563
2.09009965744166
2.10154593035488
1.72311155811767
2.65639436872117
1.49897896161876
1.50391857694596
1.53922582685432
1.70068939526346
1.59247584571874
1.71764678208552
1.9146766063347
2.11953509917098
1.53703950574029
1.8118718211313
1.61195538618382
2.00079461396033
1.69039419884193
4.3680626470546
1.93282596505309
2.02473971061159
1.54882270922712
4.59829423410516
2.77595050938287
1.6273736377048
3.33519751950095
4.54562181938225
3.48538239492602
1.52084172663036
1.53695947190849
1.5331852663825
2.88603734150103
3.00068452262253
1.79097254986873
4.70668588289357
1.50442148017363
2.08075319680093
2.30201999019454
1.60783758113153
2.36055756485788
4.54725657666473
1.57240421034147
3.67153296567595
4.2926399325995
4.06042673563896
1.85233898081282
1.54615880956826
1.94911449417377
1.66430217749469
1.53352164044557
3.49450966653989
4.25824977113166
1.5341780074092
1.5177352912586
1.50372431117417
3.60813549186141
1.53265042339945
1.56064521877081
4.37171474631356
4.15382602650546
1.53642611734726
1.54171350970792
4.60707779183539
2.04604634732494
1.88543816725207
3.59727673256758
2.02921144936744
2.66070997038625
4.1583169527591
1.7569887969321
1.80733005261338
1.64987634763306
2.34978012849648
4.10826644336405
4.34463229432428
1.61823435468965
2.86711322435215
1.53454953954632
2.64662121820491
3.64452129057726
1.50845820202971
4.08381044443329
4.49492154795778
2.12678717346363
3.21457061736832
3.87705481665276
1.69526199468714
4.02156237449713
4.40487993153
2.67515278353522
1.78758921914371
1.73452006218378
4.42617424109506
1.97565849957924
2.07890300045807
1.8015246296272
1.58687675795368
1.55874206967097
1.61283817798936
2.50421990255835
1.50294667672366
3.3046537114905
4.5272655781231
1.49947730384057
2.74887409984762
1.66231651218453
1.51610873233398
2.12362232981251
3.15270157464534
4.6946356608869
3.73627674218465
1.72609510929361
1.79899063672306
1.49912797420874
2.64600444260649
2.80836501513868
3.24714937612008
2.3649503365324
1.7062582183253
3.37125179041184
3.65168520467593
2.39477925245224
4.70745602818589
3.78288739234328
4.66404073404654
1.61241690855006
1.88518236391652
1.59954603465203
1.60786973090634
1.87422477578783
3.04580187608045
1.79423960515154
1.49897998809577
4.26207746272227
2.6638132874593
1.67865717727712
4.5050257329046
1.64184529339869
2.04548068439797
1.6383206686315
1.54918358003126
1.51007069500357
2.94131176724563
2.28367079178743
2.0029303062113
1.80491618745343
1.93503411211748
1.80235701422846
2.0783387790178
2.06501648961463
4.33442596597693
1.95398369463611
1.51605058009857
4.62566178506911
2.08304767473917
2.66846180297241
1.8560433502581
3.17382751274678
1.72413479933839
2.96462925354177
1.71457574067726
1.67743735933623
1.82797199162141
1.73614837703233
1.55616552553948
1.82642910887666
1.64640268068637
3.1568348335197
1.96387655795096
3.84371046304618
1.62119655376794
1.98594351704465
1.79554823453686
2.89825894337536
2.64472623832933
2.21826994359242
1.53436732349097
1.51211196059148
1.56451293520021
3.98388096419249
1.51579610361349
2.00509939951537
4.70859444774546
2.17799628214717
1.50553282642275
1.83338877561346
1.98339975265686
4.03605435481312
3.53493166004749
2.01155415835869
4.1966143663406
1.54904176264344
1.54245763894116
1.69863657253994
1.9857326472198
2.04531228102526
2.07281407986691
3.06239364562475
2.68947060166599
2.34513334500663
1.51771140446199
2.19275092704294
1.53522879262453
4.52372706724242
3.21439742453605
2.35690537493789
2.13115119185042
1.74513033961839
1.76993269816267
2.35734658223737
1.55160203540618
1.61700773889698
1.50567906928062
3.75927166579786
1.52810921852324
1.99400078569318
1.50864998448853
1.50282707155822
1.52642586151256
4.52202010835186
