1.9467048848768
2.51248864981839
3.13752407255288
4.56992130810659
1.6489388883923
1.54109362482471
2.54845384127482
1.61361607285175
1.53121472175239
3.67581055682386
3.35559883933818
4.65840954764818
1.6682603341203
1.6537561526614
1.50273353808727
1.55731935368422
4.54557062214727
4.15295925384918
2.1115563172232
2.97492800638962
1.80248634579487
3.07984796673796
3.39905902132854
1.69613453509356
1.51196516240768
1.5041998875573
3.19303752522766
1.51904002926566
1.82497517619969
3.85750904311115
1.84372881550308
1.99011078969173
1.84917298376598
1.53008298688361
2.05358646927857
2.11774416328698
4.57338255047601
4.63707491188602
1.88985029685237
3.63295212821752
4.25245519583336
1.50040349246086
1.62848547856622
1.50832222321121
1.65336482834742
1.93967272228618
1.50064875902463
2.10381340969412
2.12841742537009
1.6367379698895
1.79542752009066
3.63107354298981
1.50153936233209
1.50030634662221
2.46422304956243
4.69211552417997
1.61224320886795
1.82868553007357
1.51137475381238
3.65547180092585
3.80632163971782
3.83294673127235
3.05940490387245
2.22273161898397
1.86959533546769
2.53765231760452
2.85429160905007
2.43869773098496
3.05724377847088
2.15618166579471
1.50257407839921
1.52781800247666
1.6158174211965
1.98163813208642
4.37406797080358
1.53652472903705
1.52235826249651
2.14870818365718
1.50015139495071
3.08806005955949
3.10844588111986
3.84064205266506
4.57027368077082
1.95605399693076
1.76682928796054
1.75232703890666
3.14931258901034
1.60685004854252
1.64250747008959
3.12888578133366
2.03063745930067
1.53800601320505
4.42504660337006
1.51067970881603
4.5891180171923
4.14282498494379
2.84911578779888
1.75378346512672
2.29440178886028
1.56147319880796
1.83724638772426
3.10535189046375
4.35864342317152
1.71353177891428
2.48129514410252
1.53108772200689
1.59050194054407
4.41114950899187
1.5450807750176
1.52967449710004
1.52783563115271
1.5002770050257
1.51068646721694
2.3594344709392
1.50248026867444
2.11853147035188
3.51801756175992
2.96963611284937
1.96363470390228
4.69216336894179
1.94906579294487
2.72784129521195
3.40862591748161
1.53982751672389
2.38008084560547
2.60667182990067
2.08411067522725
1.53321485576747
1.84189474802205
2.46550269523707
1.49962714421598
2.38472243658233
1.9268597875358
1.57802311461541
1.80293197291611
1.87111562302299
4.64955899996982
4.46274373723571
1.54048818498985
1.76477939549648
1.59151158709024
4.06072386173796
1.90239760680897
1.53282629900362
1.49896308599741
1.57967218707444
1.52423707535585
1.50504246631518
1.54759795710248
1.60213577359826
1.7057530702215
4.00213286756269
1.73688363267769
3.86040111927164
1.63681783188927
3.43973727577892
1.57952884155042
1.7182248265013
1.78904572781943
3.01293968713451
4.35123606136062
2.52888072911653
2.73384527577612
1.50682705848309
4.52899359237984
2.95049434096722
1.92678044083204
1.50863066567153
4.0776494706759
1.87485108769971
3.32428781944896
1.73993229849576
1.50926817945984
4.02470245364825
1.66644472422493
2.47843424062822
1.5059741333252
3.14379872313568
3.65243983829533
1.71207150850631
2.63494315279226
1.58556645856962
1.78791634924734
2.91527594158989
4.57631059751654
1.51272078722953
1.51659808523008
1.50775224324906
1.6326744883758
1.52191610893959
3.72082183479242
4.5914525868398
4.5746752643195
2.31405577108565
2.88538908572225
1.76092959290923
3.69093850104806
4.59170169742061
4.57112440438904
1.73245554472732
1.70388414532475
1.49917262066442
1.96233682732371
3.39366136192899
1.49948282259728
4.57285883471519
4.67780135288664
2.7982818664223
3.85409247693019
3.20222317333826
1.54308169631183
1.5482000162999
1.50582949391631
2.39761566962834
2.42833661446235
2.36152765805058
1.53982893837849
1.51164325839872
3.31170011931894
1.76532784088437
1.77211786923019
1.50642585851652
1.63800677430014
1.52490065324204
1.62995577979713
2.95670609324919
1.58039371345789
1.54749008935237
1.54775278574718
3.23733206492733
1.70571544620753
1.86954861343882
1.88401663903635
3.20269044670783
1.7149869804093
2.03466007710735
2.12351587911946
1.93505669899181
4.61177095624136
2.45663532945216
1.50465686110674
1.59679771903578
1.57870835647799
1.54666126075101
4.69403275942175
1.49966285214399
4.40219040631177
2.00487938696553
1.75314137956909
3.47172370178847
1.54645053875502
2.15654536544734
1.82111596968736
1.52728741340919
4.22043224849314
1.71567372991691
1.532530429339
1.49941597498538
4.30206917214706
1.766347440963
1.50190762594564
4.06677778776939
2.7306251393944
1.51287105313806
1.61914622589709
1.68915487194449
2.24976737487109
2.9971591666426
3.47555368040529
3.39447959724574
1.54681751389825
4.66998724077239
2.16137045899708
1.5364867179094
1.53570417943562
1.89914673429935
1.50107186610575
1.52574387495057
4.36521451939142
1.51249807948441
1.69611581656792
2.14588334077743
1.73215115298433
2.11204642662211
1.51815978872482
3.01873834521396
4.26821252802832
1.51061668894418
3.33859103133353
