1.91764551863869
1.93673740320469
1.65964526866558
4.67977208476461
2.21412546815592
3.44489598258934
1.93105093816803
2.16177768766803
1.90414659769267
1.56534599375456
1.51681951012862
3.70443205345665
1.5190271334438
3.10684568713382
3.69030184301128
2.01747468639361
1.51566896821994
1.51076004387417
1.56809644042071
1.54607001063803
4.70406526162928
1.55756898968675
1.60889570742078
1.52584411635061
3.19000374895753
3.99195315948293
1.60310157522969
4.16396424411388
3.36461001650851
1.69229521482052
3.53196688819842
2.65330033316767
4.70023785195118
4.27497613136584
1.56133131497772
1.49938389755606
2.29224747996522
1.79485548739936
1.66243700126823
3.60784523995279
1.51242046664061
2.45892883899605
1.90286408601215
1.5038275738457
4.30896392975668
2.01966935226798
3.35821026270485
1.56718882185105
1.87433162647845
4.46929133867868
2.81000792368391
3.50378196922873
1.67830491460646
1.70356733004004
1.49898889770745
1.92992480085779
4.46718987388728
2.41968804228113
3.47891862854469
3.22596573450044
1.53612685157791
2.2425887879225
4.26025892944389
1.63750784947804
2.41024151975612
2.29386593361243
2.39655239904689
4.39306702724168
1.69859340113012
2.56782570978896
1.66812496549984
2.04312800567806
1.75440782621472
4.56224892447468
1.77979506974161
1.5073377979748
1.79954220829179
2.07366407932395
1.68584579060781
1.75153391759328
1.60137707251756
1.51945453812263
1.62652310647209
4.67138472319551
1.59322707381665
1.50252518164046
2.42878921209187
3.26263632323627
4.6801351037448
1.53668970402923
1.50384613420022
1.64380839602842
2.9071623169317
1.55460607675514
2.87134709762065
3.53636588200934
4.70624749336938
1.55427558808866
2.70582917152238
2.40423334267553
2.41297869114265
1.71457765454407
2.67424846672304
2.32699561889637
1.68887834776761
3.01437453516757
2.81870541537087
4.42371565501498
2.80990881187319
1.81526521188868
4.69803933433885
2.55648524263115
1.58487147427268
1.9159817603856
4.01962548153841
1.64260699525287
1.93670107663607
2.12712735784753
4.41130530202687
3.30430900925552
1.50870902002938
3.03187071432048
1.63850286951138
1.61034330737291
1.54407545499179
2.06304593767858
1.59278239037779
3.82238320176068
2.49126195994658
1.49896490600513
1.60942980573205
2.56632758401861
2.17046038830481
3.57526736347651
2.35958915911459
1.58375359833599
2.05304930247959
1.5120503347502
4.58224413127276
2.05723620062189
1.50117715679833
4.15740738452881
1.62256048761212
1.72564782340922
3.01228531366709
4.44344709810392
1.57105203594151
2.40004577975895
1.61402951934879
2.95984067185939
1.52737727520169
1.66511031585625
4.12466820296119
1.50130501451463
1.50222652629336
2.69425679779603
2.19710342211374
1.59254479467742
4.48577214581031
2.78801957472635
1.50029065795315
1.54509132735737
2.05224909281294
1.57678930284601
1.85644005126739
1.64601082575935
4.17404532366877
2.81655107655765
2.17667915589455
1.6933348088583
1.73394385605961
2.21168514732978
1.49901979333478
1.61155062382548
4.04658343634267
1.96704150242016
1.69066926007549
1.84212377541764
2.71464886001162
1.49922248096006
3.47785502867136
3.58665609482912
3.58154372898684
4.63804789725744
2.03361498101726
1.69606968280002
2.65375487481115
1.82021224504696
1.99550262350179
2.04047019602807
2.2919302849248
1.5493534781274
1.58426703687093
3.15926295224209
1.80704432753591
1.51280117717855
3.04451684140086
3.20627016349614
1.86161136960013
3.86370611353719
1.55942043543486
1.66292796807053
1.58029531661379
2.41872192249746
1.54562798149973
2.11865644549582
4.32996913203224
1.83843152600303
2.23427842256533
4.39336491752651
4.60641047020663
2.29794745476831
3.25317879722755
2.7123167256881
2.93175796028134
3.80204922802788
1.53818111147615
2.78679706415966
1.71390066036293
2.96256036570184
1.50299980036415
2.26532827543682
2.96690315565976
1.66828051700429
4.39130961733678
3.30902844372634
4.47469291444586
1.83168757533843
1.51296279251035
1.84395149029463
1.51282863064154
4.24040552673067
2.32392336566187
4.68383488104378
4.56578974688962
2.30892545628693
3.74475756386586
1.52719695884862
1.52224719606816
1.70735830697964
1.70867139282452
4.61323175723799
3.22835173917223
1.55241590041023
3.27882713054393
1.49934502106136
3.05058172514702
1.50178528929529
2.10353484823284
2.6276400624567
3.26300264476028
4.52620576237805
1.69455822159794
1.51965006653146
2.11117608905507
1.84740095966218
1.76442523239347
3.39609442614029
1.61376665206844
3.53494872370005
3.18358522672903
1.52340905495821
1.81989444328673
3.0979330258682
1.60692114757301
1.49907551094724
4.62256795185887
1.86958034161159
3.63016016587706
1.61290160253511
2.36756140275777
3.84836953178764
3.19303072575901
1.6364688270519
2.01017918020764
1.5497963416168
1.49963572164822
2.83226449439504
3.86613030119517
4.67537981688757
1.60311273897453
1.98438931031366
2.9270282436753
1.60976053321153
4.3513654540373
1.95315336012524
2.51094392223448
1.85208517326425
2.45763297068856
