1.70831442306113
1.64871452548656
3.11854639278868
3.79219704409585
2.54094737634141
1.57257013162496
4.70794277676672
1.98731499549016
1.50484052818549
4.38950813940711
4.12008419810724
3.01859059768615
1.51678199982327
1.85446967209086
4.55351868465109
3.84112620149917
2.71037826947823
2.07500688089848
1.5519291322799
1.61883678875975
3.80386477911256
2.18824607110856
1.7676506936345
3.07909827715084
1.52486773134443
1.51215372185074
1.95260945590281
1.52526035015073
1.53766851280719
1.70887370428605
1.58983055530955
1.8134074964517
1.60779037233578
3.83002467044866
2.00177655251231
1.65244470869614
2.59777260325562
2.88232020240651
2.04705520891115
2.92732684115693
2.15819383145186
2.80712593468587
2.08941343064109
3.12523434199069
2.03251020609045
2.47913434295099
4.41115752528461
1.65016972037744
2.44821068962805
4.16854657794674
4.62818673868131
2.27220952306725
1.59203552749625
2.61907398930665
2.09249982304899
1.83675795102761
4.26719133462353
2.0067387641884
1.6839436981367
4.21355660444952
2.07949546826966
4.37311866890248
1.7559719761591
3.91650106468965
2.18712372538222
2.24365470358218
3.42552925278803
3.82892111241649
1.74291571489447
1.63707916479763
3.79969702273757
1.81648325488399
1.56949581398499
3.26876384894333
1.79662533862281
2.37460070776212
1.52687372628331
4.66821495615832
2.16874085644916
3.40166411338001
1.90071647453613
1.55180202064594
1.63435158678107
4.0743375892613
1.72887505525537
4.38162102066093
2.48343585838425
2.10874278185211
2.85355745053093
2.13897040805103
3.29852842976294
1.65512673943294
3.13248627695537
1.77538552689372
1.50736389356606
3.13163447469492
3.64229189091107
1.66440197938003
3.1030345441296
3.85168459164242
3.8547993909538
1.8092992858787
1.50586573796686
2.79221041410183
2.918423689716
3.74858669101796
1.52251350924601
2.80547509442646
1.53390095130712
4.47452154268724
1.72979397039518
4.10608013604232
1.89491965782268
2.80543062629439
4.52707169823561
1.56155576930673
2.12204509622705
1.62520394491692
1.5036860434495
4.68643062397312
1.54418263267503
3.1674716031198
1.50184896505424
4.70445809632987
4.05379352964314
1.68510173403798
1.49899903494442
2.01478594316722
1.77490057751492
1.53972163939018
1.63420394323122
3.8147859592582
3.80659312786279
2.30150193868691
1.64014305253081
3.10742239285244
1.5391677600745
4.16230555379885
2.37450870307287
1.71167440495534
1.61652834577865
1.62583908314001
1.5836193293178
1.50961671355609
4.1289796215591
1.97523977803958
3.28281741779269
2.01695500761614
1.60776275195376
1.91860785439796
1.53699415237043
2.33783999208454
3.62368251011559
4.49619373993148
3.72281019577415
3.86255775794939
1.52087144433306
3.06717111403796
1.61855888379213
2.78597732237865
3.22475710077281
1.84111309184769
2.76059528505648
4.40716407363337
1.61598698870486
1.66531281998566
1.49963839531896
1.72876377425096
1.59211967347291
2.24860850435327
1.65346629642832
1.64223023309631
2.20187539240299
2.51804228039839
3.36505098343489
3.10995814827667
2.25907983948447
1.67656441811525
1.88523354533389
2.29154142438891
4.64390825781824
2.83991694642824
2.12116936070135
2.09138811175403
1.9839221358342
2.18584210631956
2.76727457808439
1.5086928618741
2.81325711697458
1.51815032099337
3.57463061097129
3.51436860051618
1.56418864143678
4.69998914274709
4.0819231527451
4.59712250513279
3.66533086569796
1.91019857212898
2.27903631596162
2.52441054880592
2.73814098612684
1.50289746644083
3.57615381672019
2.06520468934103
1.83136674992964
3.42213697630654
3.69067765317138
2.15223555532333
1.97327351084155
1.58892259102654
3.21011495244158
3.65676139362072
2.15045680975767
1.90891545609197
2.53404969246077
2.91872115791816
2.15779320385698
2.80780166025366
1.50083729353402
4.17438319684335
1.71974542447956
3.23275080675661
2.87751628332195
1.49940413453432
3.11648013752844
4.67796024759881
1.49896852666641
4.10103450714649
1.79275814765886
2.68612216100749
1.9651517023908
2.87203161009378
4.33690951526932
1.49935385895832
4.16142853738559
2.3006198866852
1.51630963291253
1.89983398850325
2.71720660205465
1.52191725891671
3.97015725617753
1.88600021527885
1.62712969269667
1.82238997843511
4.05481829354372
1.84624770407448
4.43245827735406
1.69626832279215
4.63058225668693
1.499439078902
2.18554901103214
1.54388927589882
4.66222684658799
4.34918596912445
2.70884031996682
3.16850225859088
2.03081734948701
1.77267185144778
3.86875239685977
1.52170333957999
1.9872407125398
1.66625616204899
2.24103595505005
1.58374911016462
1.59075573921727
1.78797762614298
2.86989409672088
1.64897113015927
4.56181578924288
1.68891768415131
3.32928977826601
4.58870806355232
2.9032486427702
2.23085654359209
4.58074196996481
1.60218721992882
3.41689812432458
4.2067062498879
3.30084959941905
2.50587437119041
2.41292581723237
3.46208456669016
3.33778919093278
1.53437810209938
2.53521444312061
2.08488844656075
1.54934960869138
2.06525514606454
1.60230849447135
