2.65712540520884
1.94616226588118
3.10610304491341
3.06885772685636
4.69004150616551
1.50541168861771
1.50204481123241
1.69375644416708
3.8424830822461
3.1370517497697
2.79017428282526
3.86397569131446
1.58652439887441
1.49950085413771
1.86131098412123
1.96057930622091
3.73119204691272
3.40207184612769
2.16619779622477
1.74446482496683
2.09668915666632
2.34764911995122
2.46699174212644
4.15684729327553
1.88554357345008
2.23821321801593
1.53311416059207
4.39949659980928
1.83477632081716
4.56771005167743
1.86268532463443
3.02958102731154
2.45435228344158
1.67058586741708
1.85157425067849
2.42908206941556
1.54623369049533
4.70303379547805
3.99325464635333
3.41384943917028
1.6068969058758
2.80875991253693
2.28775061521546
1.70959379607222
4.06724867048264
4.25154887294304
1.50930453226451
1.58664165374868
4.27724014325481
3.75533304836824
4.38514320210109
1.50015531675445
4.54282284513594
4.31261548271555
1.9499053776512
2.6200406940389
1.82286499764144
2.49221061423419
1.65878336026322
1.73247736246847
1.5757688538489
1.80109449308839
3.59677634863187
1.96434924557039
1.72017009312457
2.19324140671072
4.62952941415587
2.48046074543635
1.54518908904799
1.83137860632522
1.53096169316341
1.50368465918787
3.82027960951896
3.80577097525888
1.80495849761265
3.04984949075159
4.19243598397844
3.52450341139475
2.216060860561
1.59517841970642
1.50247297435108
4.29275175534045
2.54842917593497
1.98647952678482
1.86393418960432
1.73742846571128
1.55964520932978
1.51887338600836
2.06108817600588
4.64618722920702
2.58455698432655
2.06746021862957
3.67350167774185
1.53929734434876
1.52096939121641
2.77983625462909
2.03476469021085
1.50414604019689
1.52264868616656
1.85290119858559
4.27609071749822
2.99999985488743
1.60871657212568
2.63831070816087
1.61126411769971
2.79356073324505
2.55924403939104
3.59252275955633
1.56458243761927
2.13222801904129
4.06045106460731
1.56055225247661
2.15244470322182
1.79836807257976
1.88854244217901
1.57073842420437
1.84237324842451
4.5290824355339
4.65256259747531
4.64904068228386
1.52507927372792
2.03584221873201
1.7087966682132
1.53436554183302
3.1445144267139
1.65936914063477
1.83661635994773
2.2514761217338
2.52896542218183
1.51275936352902
2.37572018685218
4.43788292775565
1.77023205297586
2.21489201998078
3.63518989264166
2.25657611303246
2.45179904869936
1.7347324942794
3.63016234427498
4.12311276884239
1.7750598364711
1.57921974604194
2.1290982452594
1.51503469891042
3.67048935324101
1.65977470436513
4.07342324351651
1.53127175475474
4.68803805804994
4.53302467943179
1.78993773347904
2.45296112416519
1.66677769261371
2.17092413545548
4.70855740894562
4.23431702730945
1.53141692440894
2.74441479529815
2.1964703705946
1.55767608229336
2.22342803140931
4.70375724636107
2.81044223659098
1.5976118246569
2.80683159411025
1.97720566863722
1.9632720354742
1.64173662007085
2.96820405600438
4.6301158238187
1.55595028358935
2.60804897831252
3.62897326897573
1.85061535772288
1.55068577332796
1.54855028718114
1.639096806488
4.70370811240015
3.15626821285093
1.51881452701794
1.51718644479696
1.58324183249229
1.53538766159189
1.56581850985662
4.29139643435056
3.32490695312503
1.51052242455778
1.84600602513723
3.86633094002142
3.69478086503764
2.40700198016373
2.66276143345966
1.5060091359664
1.50312634571594
1.51412689544676
1.78315487275996
1.78540010270767
3.51272532423065
2.14767176189128
2.07343411448697
1.71693841091412
4.21047032853793
3.5994001304123
2.02671528671012
3.66074103715708
1.55042835192177
2.24298828382248
4.40896952318634
3.2443452673986
3.09677093486125
1.53639108871791
1.52858669420989
1.51804919183664
2.57638399274301
1.68352006825456
1.61903246337033
1.63158445905593
2.17903620094341
3.64063907144474
2.77423058907924
1.76875126502884
1.85789731124642
1.9137631618712
2.51842078307024
1.57031829495254
1.77696067337679
1.53485972127787
1.66767940997055
3.58069333952003
2.96648078900057
1.77899104017233
1.54655003888032
1.50169425119775
1.50956762530041
1.69305659952246
4.12133060800442
1.50002498474209
1.52081045487942
4.54610350572422
1.97320128132343
1.50139199923171
4.66429015911347
3.71307212791082
1.55596299455443
1.75439078087645
1.55066676692352
2.1281194590973
2.96631469288019
1.50073289383827
2.18987630265073
1.65860569745726
1.72686341540056
2.22976556628842
1.51793550731266
2.98385492217826
4.62355828451958
1.76976747410477
1.57682157814367
2.16871979869714
4.66893567955461
1.72427221640504
1.70431685270178
1.53220944041959
4.5869513344657
2.91070144997612
1.69032582729808
2.9330869895251
2.60047316295125
1.65367523598348
1.85167078058416
1.52914187967621
2.20596378616435
1.50083432202017
1.66026496099075
2.82217886499138
1.54590002999825
3.56073345115583
3.83492169647008
1.56316389311181
1.61170946685993
1.49961590771967
1.91137312778093
1.97945138673094
4.70875937933724
3.89885160690472
3.9477253510407
1.57626067908388
1.75144317538599
2.9154927205736
