2.86403496604829
1.77439516572862
3.82755331146589
2.51990863079211
1.51209865004398
1.50139514905616
1.52608060934838
2.81794073145435
2.7083962378829
2.2159997078444
2.84238251987523
1.69467197545302
2.01333620694567
2.43195141737567
1.95162763609635
1.50042633447919
4.60236072656898
4.03370546622402
2.35505976765685
2.32684985965791
1.80849645921011
2.96452534897492
2.05266847973486
1.59237853596991
2.47938695159676
4.03425431821165
1.62412300762757
4.65895771050529
1.77253140398001
3.19164381366964
1.99414028663409
4.70390245452882
1.89661124138344
4.58987659576486
1.51024280457296
3.92604687803618
2.97229353750299
4.27708045472454
2.28472746412743
3.70328703341226
1.5118688826623
3.20408457410105
3.35852078108487
1.61847117628862
2.30370723881698
1.50066559064204
1.49931983143468
3.65269672172074
1.87081379279049
3.73485283158635
1.5024004481002
1.68844105711035
1.54790631806326
1.56132852923209
1.97841625636616
1.77677258647374
1.98125709246001
2.14436362947591
1.62474443189029
1.5489389241774
3.63346753219601
3.66796907496022
3.74720714900731
1.91595854879452
1.68096415108778
1.50004362907563
2.41906488820567
2.2881118476787
2.09310754772791
1.51797333246346
1.62216123921491
1.50086379194775
1.57076327601827
1.49902105259383
1.76083090992794
1.80484946435614
3.87817197159459
1.64850825129825
3.53688270748724
2.82780737975324
2.42028193975776
1.71831312240757
3.05043738361776
1.64969351252463
1.78957772097091
1.50797393017419
2.15066189451824
1.5175673032624
4.7069972546436
2.96950294957488
1.49901646326317
1.6611286475187
3.23417548586963
1.5335369893827
3.33366833417863
1.70017047965906
1.56511491291209
1.5801168673552
1.501540121947
1.52203359569832
1.57016511354273
1.53222430410582
1.68700934431798
1.90717485905369
4.53086377149038
1.5314864369733
1.51513530721354
1.65358174377997
1.52333470766444
4.69944927761053
1.90421092605251
1.50257445697297
4.37442086704398
2.14400296932898
2.91411247865424
2.25151507563389
3.27562486159395
4.21532076498618
2.27791123308692
1.82237502837786
1.86335022317465
2.6059180225354
4.47833479927077
1.86403769473787
1.50023360671813
1.62461903510261
1.50441330051215
4.09033800972841
3.95588302006662
1.62252315129414
2.00393768695453
4.58712966369898
2.32212947604296
4.0974882457989
3.47425492656884
4.40056908134339
2.52004729786229
1.57598240281388
2.14194989873215
1.88045062120468
3.01322863446281
1.66358460432519
1.50222382298846
4.24789635568681
1.54918715303881
1.54671375586352
1.50672663474476
3.67855652401839
2.43849954384323
2.41325446643753
2.15203391662883
3.10501381257375
2.46347857843336
1.5404595316901
1.50298706838436
1.8393250612036
1.52668669832934
1.73538985524751
1.64262935368375
4.35711104658909
1.50448974184132
1.49933624361653
1.93343339419927
1.87590320334713
4.48726959084842
2.09038125402004
3.13768737179013
1.4991729042411
1.59257283820909
2.06035248740775
1.54140040527753
3.57156149240725
2.04304219851665
1.7032305345521
2.27923075765598
4.38254740537886
1.50127333329432
1.49979432618171
1.54007907039802
1.59477173573604
1.58678671848307
4.60239431641192
2.26694224738787
3.98506660165455
1.69887228848143
2.4793927416399
1.66075572463401
2.26793926397343
4.58259151655992
4.47613018976881
1.51436969421912
1.96337265119069
1.50416565804547
4.00766809703466
4.70871654586638
2.30487323904896
1.54351515432796
4.69244006514961
1.68380598183665
1.56377303224291
4.70841972105039
3.56481326924409
3.18228950980199
1.66748661912543
3.98436633111361
1.5601928678174
1.96383977606638
1.53934698449763
1.5134830405041
2.0014408311493
1.85329139376659
2.2073101423783
1.57058768639893
4.6151799177064
3.0710445372092
2.30365390166111
2.03316880551693
1.86212724632775
1.72863572709177
1.56422840050393
4.08853249832355
2.79050355608009
1.73928307782866
4.47543488604022
1.52133372313999
1.51202353734859
1.80817604642401
1.68112547004823
3.39335013936026
2.27889497051024
1.50728167391491
1.66608527033852
3.18027575127694
1.49933643676434
1.73738406781421
2.82951371114495
1.49924128116283
3.84748251173019
3.70840859041358
4.66944269825053
1.61704548216651
1.72100614928187
1.512504240167
1.96191456426367
1.67229269973346
2.25140037624186
1.50319161942472
2.28933355208916
3.21587072998814
2.31806846693244
2.59185255510519
1.51500484634462
2.14088211748417
1.50097110231266
1.52635428536734
1.81507672842924
3.33646756980661
4.50414457531137
1.52096503419686
1.72617598315483
2.2060103166133
2.86404150648586
4.49291086039669
2.69651445878647
1.51155459329133
2.8512212753317
1.72227411644138
2.50103298264876
1.96726817698089
1.51431972203844
1.52155277383208
2.88012733663064
3.02122245278447
1.7159283880983
1.50055734312497
1.51454109920198
3.08901963416629
1.49908126062261
4.68550135502146
3.62008533396537
1.59060914830012
1.50383104951868
3.07484635282024
2.1891674400873
4.15243787078788
1.50163754425329
1.83480531582675
2.82913932441808
1.66379312541092
