1.52260577332779
2.48085174864226
1.93925537676777
1.54271574745758
3.3271652415063
1.91002814219684
2.93300589435489
4.46418889755518
1.4996178971545
4.70870736727278
4.40311778017986
4.17416725880785
1.50742323228715
1.66928721236857
4.64230879906216
2.16852829063835
1.70799578839288
3.634909467644
1.99337484330317
4.5360888733337
3.9309946534741
1.53291532024148
4.26827900707719
1.53593756764353
1.8988332864571
4.0241601984126
4.67517252928395
3.17249877896331
1.53973942053855
1.49929489666782
3.62205518118813
1.51014659422406
3.35487741312134
3.96672312233246
1.95650729032586
1.51296989819053
1.55784775002048
1.51881171078031
2.12756902149287
1.78814352266166
2.46325263432764
1.6397289966578
1.81702826476344
1.52347199150398
2.26286013233807
4.69316089249498
2.2083668194515
2.32317625457552
1.77908129999718
3.02144163970211
2.31014355037726
1.59837375963418
1.55085874110501
3.0546934856969
1.90539062738501
3.40633898219997
4.70051447126257
3.06028546056104
2.05850362275433
3.93549490149143
1.67275025784005
2.2908415975818
2.8939249843096
3.37489921214978
1.57421447159402
1.84346620140915
1.96706992757406
2.70800579642132
1.61858234814092
2.34895226293315
1.79414983036434
2.00503061043429
1.90900205662585
2.45099934602566
1.52416637500641
1.49910923405086
3.16313101415697
3.72885273480139
1.69526988042914
2.37437211173531
1.88859605407175
1.5119445634392
1.66632963881701
1.82865676686678
2.42991158753838
3.63841155871793
2.19575219652094
3.80752299257505
2.63006943588484
3.92668281197481
1.88420261778371
2.64656708426908
1.54326421828022
1.50595573285049
1.97717394772986
1.83142135701245
1.78959041990428
3.92185113788368
1.66312170621731
2.21766883985445
1.50124259754379
1.89885758710359
2.53687635874838
3.12104210390552
4.70616972285672
2.73061934012403
3.53570996261674
2.2672839119892
1.70898214704055
4.65715184730441
1.76383459894846
1.69324189312334
1.499657508551
2.39610346859544
2.78217594523042
1.92498412384014
1.90748968975502
3.27997805446765
1.52510198088324
3.89823079071942
1.49897177963433
1.52386749858425
1.58609277135717
2.02689604741748
1.55853405291506
3.13789089197647
1.67305609496294
1.95344995752891
2.27577022361263
2.03547272805379
2.62375078707275
1.90262286994101
1.84658996797321
1.54403682639869
2.78328964822962
2.14742006054543
4.61302350438616
2.02493613278231
3.63586545856344
2.70696685994824
4.20790418624838
1.66043663042073
1.56684310797752
1.71078560662114
4.32763326000196
2.17011835751166
1.75983864459106
1.95580006518885
3.26310575293835
3.11517425797787
2.20934952159283
2.69064770796264
1.50345556866837
3.2499730234317
3.07281679121384
1.93650777383653
4.0438208503461
2.18727913274772
1.93093981600918
2.09526017945282
3.17565694966395
3.17251738447897
1.52114049359945
1.80274830047233
1.49934980897794
1.77515449797646
4.41017284895277
1.76572163852936
2.12558381067574
1.49947635961251
2.0430631062352
1.6664901305103
2.24862822192689
1.94604039164942
4.41893532065149
2.18491072492817
2.16507825954871
2.58365164393804
2.85731424761772
2.00805325027567
2.11360248591461
2.21809884549552
1.70810153610866
2.14849590992235
1.53200236885723
4.43663710639923
1.73098525995931
3.07896670250432
2.68017820148125
2.85997493446022
2.35820831037743
2.9844795743786
4.01828237933906
2.94193986059813
2.46728306715375
2.62718986424357
3.77239765509409
2.32229982108425
2.42571324629445
2.34605507812577
1.6917013789708
1.50004945195455
3.93313723005946
1.71882073971255
1.70741129833943
1.53635606967096
1.71418849843826
2.2105535850181
2.26112100469169
4.14070308644159
2.2978610094996
3.66454264196508
3.92569979449899
1.58959442765877
2.84729495134677
3.96980218979204
2.05518031996319
1.51853755745607
2.16386210134929
1.81862039344321
1.5568751578025
1.68554034903975
3.51983530163518
4.17755922708787
1.68652108000582
4.70870278051733
3.0735755030852
4.01280038948915
2.35948545620724
1.83332822481194
1.51328367555989
2.55275638934891
1.78123765201977
1.71752224655174
4.1546499290217
2.21058464925584
3.12411728073211
1.90572089838405
1.53459445679267
1.587297000892
3.23320433807928
2.46503003864882
4.33153237443559
2.49390311345722
3.54747509707152
1.74732937270874
1.56347476936661
3.89307065845861
1.50044729067431
1.78728007697433
2.40884164677667
1.60828600816945
1.69738618992966
4.69724784896437
1.79583979413448
1.80047419485352
1.82043071526191
2.09961166620751
1.60958985116096
1.58321055052721
3.92736532484539
1.73470720573033
1.50530429241811
1.82150541775305
1.65530566978814
1.52884360148223
1.94858473105519
1.52610085881513
4.43245776960616
1.58814368601813
1.83088350357019
1.53451249550548
1.51894086651076
4.65998463022599
1.69504461784616
3.732219181055
2.50461231322744
1.5306439282286
1.51688181146083
1.60315760361582
1.81039370272858
3.07707019395184
1.74669092282811
1.52897689249727
1.54947767157049
3.28169793160222
1.75041818950763
1.50434446031116
2.47392644744017
