1.95961099605421
1.62383810758923
4.15738440624247
1.85728222152444
1.55269478704687
2.13232491503788
1.50454805656979
1.53397830881334
2.28067252989312
1.57585686183166
1.64394477548683
2.38814520748553
2.66193921455152
4.705119892921
1.56627325446403
1.89130108357731
1.66209248036321
2.84273553006521
4.65864724338173
1.7329072046195
1.51607585382363
2.33356243399988
2.31431127186481
3.28919123068145
1.51129853174057
1.98894678434225
1.51470797621123
4.50702225612013
3.63634833729282
1.50097419771258
3.26695654022115
2.93612931750061
2.93519561549185
1.51939840621892
1.51046636561842
2.18229502436296
1.7609191457011
1.72992941124067
2.28432530657358
2.63351952672255
1.50231377081891
1.9210458649224
3.27999902412944
3.2310065987377
1.59335763009497
4.23302393349342
1.83122199322385
1.77400490651951
1.68808764192453
1.66367170629551
1.51474634797811
1.63109550585957
1.50986353465301
2.13034590776528
3.50307726672283
1.49983886582506
4.25493411385517
3.67532383310624
3.9781432219245
1.51987880546856
1.64032586196218
4.05491143916699
3.5069874147648
3.32999038976648
1.51689115800149
1.51625749262158
1.53068554372063
1.81240976889148
1.52056790036967
1.8752064015436
2.7531475363064
1.51824126467793
1.53793626327303
1.65951257845995
1.50018963504077
3.57628523211198
1.53011016082644
2.12771881103676
1.60979999286869
1.50250517577116
1.49896717920374
1.56134421281498
3.2379596703361
1.60874342405613
1.81744762168359
1.51879414905782
4.44617513351298
1.62476318166986
2.8711606168191
4.27272696871269
1.67081479611172
2.99863829922096
4.57524606887747
1.76745791043912
2.46840509224073
3.82169774084945
1.5682773478344
1.50374851178345
2.39025115443068
1.5211072494832
4.04149967941142
1.54508629699204
1.70127590278804
1.49940345656348
1.95987622508733
1.876836821472
4.51052919843589
4.03493879591349
4.52219089575983
2.85100485436257
1.49983003242737
2.83450423750902
2.62997958871377
1.86793047656105
4.62309448688685
2.61595861823802
1.50406139208899
1.69177360203119
3.55598453730715
1.53509577346187
1.8371091791088
1.84926584622216
4.68856705200425
4.15306850172742
1.69616620923988
1.65759615586781
1.62887472186021
1.98197891917096
2.0266223645225
2.02828231746104
3.01450406369159
2.1134894082108
1.49896819475766
1.70170866216568
1.54421577876808
1.5170678302662
3.06532519586389
2.5576542762898
1.77669681022235
1.96109212853548
2.12692388166417
1.53057183737203
1.56824347086493
4.7068593868048
3.20991865943842
1.50209855618847
2.47332939623517
2.89216026353293
1.7444153818628
3.5628040899083
1.74697381009209
2.08953670672371
1.69806190252724
1.94315036574173
1.70495127034437
2.68955976354795
1.67538697915098
2.31598707640949
3.81915504876793
1.87636576776598
2.13755076823527
3.59268939137668
2.09326106927923
1.71825684363733
2.20313151616036
2.14672155092683
1.72081724238619
2.13123394050367
1.87891615302888
1.58998848091104
1.52333746614159
4.11239717351653
1.58280392460042
1.50947339433434
1.54742513754023
1.52736419586447
1.50001169219299
1.72995176775486
4.68887319127734
1.51635979019788
1.49953421840788
4.58774198401477
2.30682693634943
1.55559363635632
2.8652297168117
2.70428992404714
1.78356523018149
2.14755047054102
1.50637230115992
2.38254541663834
1.56691071823105
1.52280739745598
2.59263220240515
2.0527577286896
2.9883758170655
3.95344864634166
4.40398752420501
2.83428891617334
1.95635501443889
4.34394733030885
3.27837936047321
1.96137345588234
2.34774129654883
4.54497012542135
2.12271572277632
1.76548976771246
1.71446762674738
1.51761716315864
1.8812617970551
1.5315501069314
2.69525098056571
1.92201256921821
1.56124620043538
1.51301685411829
2.76730842013408
2.21767262458965
1.63217732705383
4.65907726478363
2.11288622935799
1.5944243125255
1.49957346821462
1.92664641429126
1.91159635931121
3.70517026752646
1.5860859619571
2.3405979838102
4.12393212776088
1.50069844409972
4.46931102281901
4.49330943460758
3.91746259157921
1.97062478012502
1.67617105541776
1.50538944094873
2.86495113919014
1.5034162979721
2.19312260650519
1.84848183438708
2.38215211694705
1.68152468676794
2.41570425257926
1.98373606034587
1.50097634984112
2.68763110654859
1.69699955498339
4.68179129197102
4.16512762902015
2.07382417741471
4.35394435807073
1.50570541719064
3.64960662886942
1.53678560290059
1.6708038537622
4.60947187991107
1.67642786044008
2.00938745947062
1.65250074274863
2.16499591206182
1.54871198843933
1.51862051908125
2.4621687541842
4.70571521199446
1.52615429407074
1.52597105679594
2.20988942986417
1.50180875632997
4.61445688379046
2.07266303264748
4.55554963760176
2.83984867057092
1.53960515991267
2.77546602766768
1.60209288369417
3.34474565669443
3.21176210758685
2.25148617862562
1.64580170670495
1.54006785926471
2.97519019209311
1.84389362639993
1.78987536548635
1.5169002215162
4.70397881009336
2.15125166456009
1.52817156299697
3.76545860731353
4.7030084917567
4.68545509650403
2.04356568085965
