2.39853849771052
3.20955529338972
3.12965679019556
2.41061207116022
1.64785555058447
3.24973813340365
4.3485283008019
3.51967996473939
1.78626992413485
4.08250460351093
1.94710634943051
1.52435889794122
3.30831710608813
2.31163247804942
2.9061203270259
2.09718858782976
2.44757214340153
2.23001578382221
2.28979279049445
3.84705358077159
4.70502992778703
1.54227733652313
1.61523871471123
3.87383042894006
2.10313657498687
1.58365859799494
1.91509337455922
2.91804495709564
1.5360714316249
2.37928130382156
3.75063804240963
2.04854561650421
3.64425724807006
1.89000860179297
1.58974269604969
1.84945329389183
1.57506563072385
1.50161506764052
4.60185171325093
1.76740481346118
1.58706446681735
1.96481816934453
3.59701001802821
1.91688683301144
1.97315404131758
2.00533522235547
1.53942145625313
1.52250546923406
1.50494607817076
4.19100996674894
4.55760084387165
3.92934638028924
2.66964189424717
4.27753855298495
4.70541964657164
1.5269358833391
2.58233329668764
1.69169444717503
1.51667004455909
1.89238643566634
4.36258495433193
4.69471795984202
2.61050503566649
2.38910156249268
1.82293022211219
1.64196437058425
2.53025673472364
2.21960338447749
4.0448672310678
4.67239923565219
1.66634830530276
1.67845457935214
1.93277859471731
1.58457091399817
4.50034953780322
1.95618344858786
1.50821076384772
4.23436855137695
3.88671897739845
3.07380169154928
1.90675365508356
3.78022690345882
2.01506513493004
1.50178199942097
1.51847206598605
2.47449534410189
2.06007824787375
1.648545241264
2.13028579434024
3.7869239532845
2.89548682520674
1.67274149678805
4.70596485676136
1.59450873799327
1.8433796372677
2.65397738284804
1.53738411318153
1.50848762182174
1.63044055024788
1.89977477096524
1.73297552255822
3.35626563485815
2.30979262978192
4.17975569342928
1.86191128785271
2.07394047484607
1.59044084072485
3.47728978127859
3.10753121199897
1.88706009630012
1.74362415848617
2.61467358093621
1.8526701619571
2.39384209626845
1.92069652256738
3.29542812208426
1.54954196742321
1.52894726056216
4.46996991986726
1.50229551519687
1.50164508691696
2.07541046532732
2.1148237582711
3.75338743813477
2.20019974188981
1.70639882866069
3.36973260384997
1.69152743879071
1.54346412162271
1.50849809455457
3.89317241454401
1.58637665857507
2.55876898696619
1.87970360392958
1.59223918389713
3.10689674497516
2.09753539036022
4.70788066384263
1.80992976384411
1.57567279695913
4.64156921925158
3.5413474310897
2.26917752388757
1.55150658631424
1.49901223495816
2.28180994720119
4.69794973273187
2.97463166484841
3.85798651828213
1.68554043479238
1.66828417541194
2.1500370975794
1.87815605262212
1.50088458077457
3.29086163801369
1.73006572302088
2.36724333009968
4.01837506751342
4.68216002753987
2.61483908899214
4.44697969641526
3.50335161362715
2.33296116588174
1.52998460330066
2.32200526861539
2.89423307349586
3.69210590780856
2.24952367198656
2.0605553315038
1.78334624755452
1.6488997332653
1.55711174392899
4.70875218935408
2.04213998177849
2.14577670391321
4.70044417822104
1.52158286051006
3.49058502853738
4.55339861413337
1.74642510657775
3.66577356761751
1.49975660264196
1.83815673746823
4.48078174769831
1.49942323060118
1.59877145703089
1.58576262653492
2.57586759556893
1.6411683709763
1.51393900635993
1.77791113488067
2.46493587023599
1.77953157497743
1.72537764245118
1.51527391461615
2.41408279131464
1.504699010652
3.32120907841959
3.99965731687436
1.62957132491412
2.02210076546389
1.53831987853407
1.81395063005623
3.34360646423664
1.8545314291664
2.57785978893502
2.53234511662014
1.50008081187249
1.49915808551713
4.06078366768674
1.5180046800266
3.72896250393118
1.94604090423133
2.62552067574692
1.50114678980676
4.36897736327557
3.11876929566822
1.50619845707923
2.11577246314598
1.83097204509147
4.33987243592455
2.66142931199504
4.50283207959016
4.65974726038832
2.42956059633709
4.58465920034822
2.52080427508402
2.33125693757375
1.57544773427285
1.52127867553269
1.57684709466808
1.71806036842536
1.71791807979873
2.06235522161166
1.95744448036352
1.49984356303898
1.82351677616082
2.80596134994881
4.58363160476485
1.4989886247617
1.86338328112499
2.11461360443971
1.89407486589678
1.59127234711081
1.52296650014737
2.69013211558325
1.81334971196333
4.39891435052704
2.25405573358403
4.65856485434559
1.53151787364601
2.26873285537913
2.5148494790389
2.22239983179939
1.62869762726493
1.84785366821193
4.32396818573389
2.24631505370078
2.04667847021365
2.39098089311425
4.63738064121903
1.80880558415041
1.75391551466691
1.57943740826203
2.15654186814452
1.53079026608504
2.22510333701239
2.18475862679784
2.24849603897568
3.87155806606658
3.22993849963711
1.62069046602914
3.57950640946106
2.1785019834662
2.79379997044167
4.17395263139603
3.35030605543938
1.93472137632291
2.33599777299949
4.54034225967531
4.2931330628161
1.78001508714538
4.55382356441216
1.49896597830144
4.63817211990275
3.39916058118943
1.5146262928338
4.61114111404904
4.38289271964579
