1.49918994297732
1.81446917084597
3.70403931607169
2.23537921118647
1.62786778076512
2.99863646990527
1.56455284920935
1.8421862319031
2.09987208061854
1.56618478106181
1.58139516322708
2.06404224604081
1.69245366110743
2.1976333129673
2.05730337272811
4.2619934846724
4.21319996605178
2.1671019969003
2.61348193475569
4.22590692082118
2.82064875598073
1.87435226541973
4.59385265139479
1.72636414652089
3.16321316023437
4.24345052976001
2.30389196519652
1.77084122854728
3.5493100811909
1.90300979495232
1.52217186744179
1.645294287005
2.2448310428249
4.06338940336872
1.50441457157754
1.51336477052632
1.49903187466247
2.19371669542337
2.47141561269949
4.25985459447698
4.24111629743213
4.70857849325123
1.90596849247007
1.7025484784009
1.5748620351961
1.49980708744023
1.64913843006542
1.51172619696547
1.63120328871335
3.60168568074509
4.55463033622479
2.21329019911398
4.7024872408414
1.50118589113186
2.05454468036224
3.56458434236219
4.57039773078427
4.47981772928093
2.8576977681098
1.5439395174731
4.29038119827793
3.08026507447592
1.66777639840853
1.53214766716478
2.14591179935963
2.22100860930766
2.37008336830353
4.45727162630087
3.54453111485569
2.05508565290093
1.52614687230092
1.53951676089382
1.65826404785395
2.82982387497631
1.55859807907716
1.50558562530284
1.50465481071087
2.54453768012918
3.81568640541049
2.98484118894909
2.47561012533039
1.77387961653251
4.02904672990907
4.70291424455346
2.50143208119425
1.70756101047158
2.60865624530062
1.54581378387598
2.40729049537173
3.7827947071242
4.51116249531057
2.25322245755346
1.51433275411028
1.85302990832332
1.5251446512384
1.51736572025074
1.50898712548855
2.42957464292183
1.71704809449224
1.53031791354755
1.54605626780022
4.50132298618965
1.52393729324103
2.28755389084691
1.68987862545477
2.20740055192234
1.77477532939202
1.58088648698224
4.19374899425625
1.5028044703596
1.5004132478339
1.59861926612209
1.60678935219134
1.56959086182833
1.70635751229694
2.79761468680579
1.67964036698423
1.49926383964099
3.10390312147012
1.64820403926676
4.63376819492209
4.66469800501141
2.73866709735523
1.50635539445982
3.29991465670753
1.5350410397379
3.17838470668926
4.41368992450827
1.8248831375415
4.59160175030815
1.5629763283722
1.63624446354402
4.54501751048266
1.71554135467564
4.35487654702002
1.53868357027449
2.55104211468089
1.7758142086956
1.57177010263291
1.98326183961975
2.2958420589082
1.84773709221025
1.50159437113083
1.51488568245325
1.67605189096495
1.92633602785815
1.84766930832574
4.45971457272341
1.55818591453398
1.86195509364341
1.88980726131667
3.78145961684864
1.57274174571788
4.14514616642379
1.52318801030916
1.6000824235167
2.20655928243501
4.55903660552215
1.60565853869341
3.66114347256211
1.54147476078633
1.63769199080208
4.68101995856617
2.41926221595794
1.74717860442563
2.53490919772406
1.61868913343238
4.25243783525591
1.54999872337893
4.10384584555736
1.65678237047828
1.69693087904191
1.57273426073689
4.48010056653909
2.4230272457973
1.57255859686241
2.26162748961111
2.09978812539985
1.56749404774914
1.86760418676228
1.55281483774454
1.58077330390098
1.50563669015947
2.99665557535038
1.70638297595253
1.7342550672056
1.76638909152681
2.50212815972887
4.7075856361472
4.40521931374093
2.24494470328714
1.50439837069779
2.37148870294951
2.10889311157553
2.4618198933537
1.63907244791964
2.62131610992343
1.51704500483709
4.68571270431995
1.61717110106765
4.30954485327631
4.57520020103325
3.64289814311183
4.41493250643867
1.51886618917444
3.39640121805707
4.28002478814204
2.85194659041518
4.67599700882893
4.40010980641846
1.50154543994866
3.39054464147032
3.0516246806231
4.67129933391829
4.23957095490478
1.74908648409375
2.18971997427686
4.69483343980233
1.77486227308657
1.503660144179
2.16972863576368
1.49897019934736
3.72771165119355
1.81203642449167
3.59508500914542
4.68954459720183
2.95944065178695
1.93309985278954
3.16459346252907
1.53569347930552
3.64708744963992
1.81993340691821
1.84073179217335
1.56186945394607
3.49388922732082
3.24370045544765
2.28206462037347
1.50039312321395
1.52646550144925
1.54454269009008
1.51090342151587
3.26360515908949
2.68051013115378
3.31043902523816
1.53253977344586
1.72938708153569
1.66843772930094
3.77902362763852
2.97971781181145
2.80198401712831
2.30127463989538
2.14560794994642
2.43829827929611
1.74486791648354
2.53996482661911
3.10253365636756
1.5765605964535
3.1636651673179
1.49998807589176
1.97583127163599
3.19958490143508
3.11776604560615
1.6731101545681
3.20143153816025
3.06177487268857
1.5009069540651
3.75421957162015
1.55103686587987
2.11014315748195
1.74118951203275
3.73824643782332
2.34755038473166
2.1526476766617
2.17469024319358
3.45110573261402
3.99999554702743
2.19354100514185
1.52513948288654
4.44582092076869
1.51664893081871
3.79437118518539
1.74795970533365
1.50576551666882
3.87265484508627
1.87641690192983
1.50389064342263
4.37778511574734
4.51372380585945
4.64365014561609
