2.91476260751908
1.95833099281068
2.7358974923312
1.89325672299271
4.0923054329169
3.82847153255087
1.98560064237756
1.52251922174155
2.64561293093901
2.2340470367965
1.60656440712984
1.70765824325765
2.14275514941772
1.56977816412292
3.80047279831671
4.19526982871054
1.50175071411987
4.38159507381931
1.67047241523256
2.71717308640422
2.31597413803199
2.31283880177851
3.13111146773361
4.05251073720497
3.68258260938151
4.60674984243818
1.53079174590335
4.67124536189439
1.66356609416738
2.64515251419701
4.03704129352117
1.68946028800217
1.51622044446105
1.78354706377572
1.50105877193738
1.58296573370886
2.35044261374449
1.92382747336873
1.69535387533565
1.53002440551942
1.52411935362283
4.10579914203497
1.6468060464258
1.49927222284358
4.04784129103742
2.43734161760373
1.50052096495726
4.6280787754779
4.30790129896464
1.55594231171992
1.50131172758804
2.13451158878976
1.73887475466633
2.52920707312715
1.59719034620057
4.69030937733409
2.58919093314966
4.70010237209525
1.78264237000932
1.52354930991612
1.50033243099307
3.39908316952274
1.56712436534587
1.7844852072074
1.55229347712805
2.69888822387814
1.5004506738279
4.55165696255392
2.17481580221384
1.56354997257513
1.60574445847553
2.03278734162749
1.55222519968485
4.69610832949286
3.91656224205746
1.51013349310909
2.35144633531306
2.10053254455795
4.58283996128714
1.904071244932
2.23040429980128
1.52090299131254
4.61419306968911
1.69854600174163
2.1490691123605
1.52884090793722
1.77001541310046
1.93123739799445
1.82658927827696
3.3431168812342
3.46716320430473
1.58252908016518
1.84157567908172
1.79797502949676
3.21029412384321
1.54905754489851
2.88097133424259
3.55457909199783
2.05858948769113
1.51017787656992
2.28184889540351
1.71078092808456
1.60158076936094
2.40281038118534
1.51100308334645
2.80707823338195
1.50919466857296
3.42784334044125
2.81630742843166
1.75490900321319
1.92275617209181
1.8529947827547
1.61058915877926
4.65554665644177
1.52686312986993
1.50901806865347
4.34644144532194
2.45042108567486
4.51428685251736
1.59663825783563
4.22278979803995
4.66406989635288
1.7009255936476
3.30752936886846
1.50193363827793
1.57695946209027
1.78079475670482
4.54835238644764
1.82715903020155
2.39069270057844
2.06453477998515
2.06487347436859
1.5407938157764
1.62236962185464
1.63744836427423
2.12995007768428
1.9441810828643
1.5833708707053
1.9498825755594
1.69915977890479
2.1237581151665
1.63849523144086
1.53110735271427
2.39563193968501
2.66504476982696
2.8405664476486
2.52475985668778
3.19806208598118
4.59769339833932
4.36314879965325
1.57488534989064
4.11900442067192
1.72110608702224
4.44516967266982
1.66802932845533
1.50476755535029
2.94762175905331
1.61316934467746
3.30111126474471
1.5781677273965
1.54436974369554
2.88370789714063
2.02938229009191
3.91719462054523
2.02836447013149
1.53838633930709
1.81981059984775
2.41419328544119
1.50991514216027
3.96033109453153
1.51876060420011
1.53579873269854
2.56878291285314
1.99305816969132
3.30995660724173
2.84257098275554
1.9869599393878
2.0020945778288
4.70808810658034
1.92881756977965
1.72239645480451
1.56997725434174
1.74810163510515
1.67821352334714
1.49959425184821
1.87435807442465
1.89328190840013
2.96553232445487
1.81297607054536
2.33218659947232
1.84802850979483
2.93617726402989
2.21354820107815
3.18914025634225
4.31228882007168
2.08655981673391
4.39663279413442
1.49961737327452
2.18816443438366
1.51410013081857
1.55945541595499
4.05044574755255
1.77837244771201
2.32711990194942
4.47351914181788
1.50964598902026
2.91485511065371
1.52661183297143
2.05910141827383
1.49919298549567
4.64698968443415
1.74479974502449
2.54054799491865
2.1319401054431
2.58505710437911
1.79998150569989
1.50261578166965
1.62962061303942
4.20929900975648
4.70876457008053
1.97400668531664
1.50956608851099
1.68773547334985
1.61841147972863
4.01616351342838
1.61192134580795
1.91045460265357
1.50196185943156
1.78476248252861
1.58565209900746
3.65938866377776
1.96014692454604
1.76490805223908
1.79168526396995
4.53247378476034
3.62575938009783
3.64678410150227
1.55061446693518
1.50660021314113
4.20806356114087
2.58875554064389
2.04304656730145
1.91049508230193
1.71061084070347
1.52259353944481
1.60580159236683
2.21145475987317
3.99484909960495
3.96473043419963
1.56735473747026
3.42718142405107
1.74590585590676
2.73598493492253
1.77319202528978
4.44836290183702
4.62180916499355
1.84930968159965
3.47046087681027
4.31853893957746
1.53835164686076
3.97117215254831
2.23340241909243
1.6667958171377
1.49924055076762
3.99878800445594
1.67496686845555
1.6095121687698
1.64562967012519
1.97590912008249
2.1256432043252
1.6594388461449
1.49935129897182
1.83332590395184
1.50637816066508
1.50409236296056
1.92142426916955
1.63606542297475
1.54603283488018
3.90832030197857
4.61393104292685
2.3251787985938
2.25557043466154
3.5288386888448
1.5387745005142
4.03982719450871
1.78749499689319
1.53596694807471
1.81974787693629
1.54982547413246
