3.87074176613951
1.502983773283
1.59550208126791
2.52193163020036
4.66404080171388
4.59994140652846
3.01570765531119
1.79225797955663
1.50807759718393
2.97039627461366
1.65184292402687
3.35775768925957
1.96759998971335
4.65891382714248
1.50108356087472
4.69123771784438
2.19034555633077
2.81185369117912
1.53029626398989
4.69129809113937
2.20868548006643
1.50676555696646
1.58523783979752
1.98855515016047
1.6354826383012
4.08661397537632
3.87929314425946
2.03036439626857
2.5426887905851
1.50569415443982
2.05725276392502
1.76786186121342
3.89438231364381
2.83181187848932
4.41426281310546
1.78788710576787
1.66756111533117
2.349009653851
1.50280118819306
1.5603613811858
1.73202505701226
4.45070401074762
4.09430797307945
1.65887865732453
1.52551637572838
1.53857738698422
1.66886059991405
4.48129507883174
4.05818844228548
1.63941235943163
1.60235119078112
4.19249742456165
4.70072292748053
2.6773884159123
3.9840808488661
1.75980942023852
1.5017699490798
3.10820964867137
2.23912441314619
4.61486554056753
2.42672070443899
3.18043447721681
1.49955968338118
1.53456423146206
3.91937178883781
2.16072013959307
2.88523801250422
1.58373188923911
1.82840806462167
2.99168732654418
1.72082971942825
4.48232536099202
1.58805246877851
1.50176599983469
1.60832793167505
3.42916804967814
1.67497404451446
4.70706147003648
4.22409882742707
1.86864178493208
2.79113165506313
1.89512394128397
2.28649328879424
2.68442676202189
3.33626264822229
1.69855937337067
1.49925719017208
1.96347073814218
2.28645704555851
3.80848693209786
4.37358239843278
2.67580874267921
4.05436640694241
3.36413739192218
1.54482018987116
1.53721695403065
1.50664208951374
3.02313555448848
1.54772767052849
2.05258936452288
1.52070851403274
1.49898636239742
1.90897398451948
1.55198141860437
2.71776909015019
1.82568384871386
4.45532372628256
1.70268911860655
1.52006906735474
1.61174798182745
2.92996055651294
2.08082037918631
2.43440862836026
2.01399222530822
1.80818027923934
2.4652815008812
3.24275935666933
2.28317944221183
3.55849030257606
3.05495730844481
3.16559748802387
1.50259746919671
4.42769760836028
4.43241938938584
1.68941166027438
1.54061496557381
2.55560982187722
4.04585803133855
1.6039484754631
4.42566880273927
1.49985976232452
1.73132232434818
2.5955791528394
1.75914799787856
1.52430231423113
1.50073191250331
1.78864109490104
1.85616767149004
1.52636386390207
1.83983136061595
4.41247504625942
1.50201185787929
4.65541889243589
1.51469932995533
2.33200644296652
4.70761680624945
4.25212019556926
1.50221587511117
1.5170379947573
2.68770800202049
2.76678157180367
2.14456154902592
2.11858816537283
1.5193976624979
3.47817475554112
2.00893705725774
1.53110161483607
3.77569586068935
1.71772367900167
1.81877078966514
1.79621399668588
2.34361774314204
2.17364320114173
4.6280099862728
1.50872462862305
4.39710178210908
3.89994670536887
3.41740847388279
2.67200199244251
2.27223736356605
1.77194139984816
1.52944587339725
2.92185381700169
3.02904445291094
1.92280460954671
1.84079999642521
3.87332256545307
3.63612533132704
4.6333913916764
2.98912764503286
1.82664981637088
4.66990729400667
1.67616651951921
4.68721167263583
1.98228993617248
1.50785501833252
4.07483132431607
4.58912299503316
3.70814480367394
1.4990870484227
1.67023319122203
4.59553332649502
3.45268164833492
3.21536930342547
1.55346836878398
4.68710166279665
2.7642089789182
1.50915307075957
1.49896252288388
3.24613443767291
1.96255047906874
1.79380063841343
1.8616169739223
2.11292751102968
1.6089617229996
1.77552220855906
1.95122198018134
2.2685060548632
1.53626227034935
2.76196250284313
1.52505763719739
2.33853692075338
2.62954868654359
1.56032130076477
4.63922080769555
2.90514097887163
4.12149778016485
1.59753071609509
1.55503791345152
1.54032001162022
1.54013379651645
1.92492050105295
1.50172278035024
1.52343326559777
1.52904897157314
1.78614214306695
3.07113435425242
1.50523552861466
4.44764692904386
2.38440405402423
1.53147884046692
2.04463637728398
1.63714962747716
4.65127422823212
1.61603376590396
3.67477131987576
2.71756561734456
1.71177436266295
2.00555751044394
1.72490775762648
1.92486709073944
2.47035847675593
1.80888608485187
1.69225908249578
1.52010525049747
2.2410230542151
1.52862428683824
3.12504164129476
1.55641005836051
1.52956929821288
2.14787044665368
3.79171175490016
1.8545067280209
2.70772668549211
4.63973180496218
2.29742975855912
3.88908624509728
4.70718317856093
1.62053775042181
1.57009316197606
3.01827152776178
1.54465338910872
4.17933751939891
2.19655484094375
2.19919889302308
2.4053182495975
4.3556186337068
4.43570876923986
1.56436614469138
1.62938603381129
2.28024224638585
2.47296676024781
1.49951536037156
1.61838112689237
3.71177367004154
1.95836983322231
1.4993826537391
1.66325416086322
2.0292000959567
2.13963170894661
1.66581847868161
1.79600481352342
1.56253015466433
1.61265396448416
1.52457169190504
1.52812158327207
1.49910858502112
4.03420246310477
1.52506884762157
