2.93833181873687
1.80010170473353
3.41372069917047
1.84587383804904
2.93043615005547
4.66036242553579
2.55597629699072
2.19667182011936
1.80152654566859
2.15446148218632
3.92897694572013
1.60560383272304
1.84288382133759
1.70545801361581
3.08303618662764
4.63009208358845
1.71754224947212
1.69451814397414
1.80715825670184
1.52359987880696
4.21161493172587
4.60230948780408
1.67256579171563
3.92882481489081
1.87229652294399
1.76811521987341
2.83634209743676
1.99410078149816
4.56661286836121
3.18405073416321
2.68166012729029
1.76886899949914
1.99983509667844
1.58531917603338
1.50015191128204
1.53432768696988
1.50543116103647
4.70504690968749
1.53156811835575
2.56699606838122
1.75045998002861
1.52187282751701
4.30054451642492
1.99045399135252
1.61744538462473
1.56032167166161
1.51905834152636
3.3788068343997
4.62356156155925
2.70631009206572
2.10450515174223
3.19703627827696
1.50262358853896
1.89976468466816
1.68392847390712
4.30151407763622
1.53869601144204
1.68944780884007
4.38482021441639
1.51101783603643
1.65866567676071
1.64687039205226
1.75689227756506
1.98850816205646
3.56654877909798
4.65046812115564
2.38368527218161
2.09509238553671
2.29719859658743
1.50977465126905
3.07241927452271
2.37572393746169
1.63420015220979
2.13915762419979
1.60989785615423
1.64956198339596
1.81750187954097
3.91913046737908
1.49980854214547
3.58864127522216
1.51272951392203
2.51756547682352
3.37273375296638
1.95040751295069
4.64595036877868
2.15579454117165
1.57226078043783
1.64379682054842
1.69614928820064
1.69776355245693
1.50655566207904
2.90673818635962
1.90784357515438
2.15612553836114
1.58039127448385
2.39440455527594
1.89163965334232
2.20235258427224
3.0677549832953
2.03265714103424
1.67785319287391
2.84452753944447
1.642817759317
1.65539087120101
1.67120326585264
4.67652231886132
2.14912551636871
3.89080305218199
1.58479074596525
2.20549275498919
3.67245773635436
1.51088734294912
2.74783442422194
1.50062510096831
2.09429267869358
4.20611861476307
1.83816597260899
4.00509108738033
1.51546432968543
2.57765763918307
1.50501903316844
2.46768982016722
1.76475307257933
1.83014563286085
4.53569562755606
2.25849660076788
2.66182548355562
1.52532317551955
2.87966962660587
1.62895573095119
2.11086683332204
1.98664592815206
2.49217257021224
2.71360349826211
4.50069270096444
3.91552618018372
1.838154526075
4.46049325597653
1.71303599893525
1.53628732728393
2.84248685807294
2.38126979083825
4.70000015940723
2.5723852373418
2.57891764680643
1.5034877899145
1.65020594887403
3.57085986398371
2.7935744716579
3.57181695983043
1.85265583034714
3.30614961497643
1.90918846376079
1.50080146646453
1.58828061523173
1.61980764467348
1.6027499777591
2.05786383235356
2.95318477928444
2.06134064484596
1.50531421156056
4.69344350289075
1.86233790093382
1.89937294351886
2.88216504239104
3.29471036355668
2.36464162694217
1.53566514249409
2.20604713872526
1.51551400008144
1.53736227203669
1.50328698618203
4.44816160844041
1.87329246709734
2.83337386989107
3.11449610749685
1.53350023290846
1.78901639255202
4.61544362557589
3.47052967594998
1.49896960174827
2.48944385843064
1.69940380599493
1.71976234894097
1.4996560441185
2.19894969731499
2.16431855960514
1.50031772317918
1.65380834919656
1.51278292680771
1.51034996483961
1.67940102725286
1.5565815476477
4.55404846904251
1.58041182577675
1.53958839876316
2.92829689148799
1.52037252700504
3.50536793946879
4.47143113191484
1.66425461326436
2.0946617813382
3.60919815797719
1.5043306447095
3.12339416839823
1.50243602023483
1.77206131588584
3.35874497793227
1.50100240291912
3.12901670187712
1.50063642529524
2.95779453858014
1.55728367665562
1.69139778620802
2.60510711940557
1.49913251789558
2.08203865280858
4.56973863504316
1.50081831288109
1.57110496137497
1.58241846877137
2.03208468578522
2.05372385341793
1.95190233730539
4.40053634932545
1.5218864829538
2.25323260271653
4.36625285263314
2.23670278105414
1.90865842497753
2.67633470324326
2.21090752141106
4.70037676108588
1.71066145582097
1.53735729696707
1.49931134843006
2.69952750110246
1.88033704431876
1.50470258568282
1.51575495773631
4.35563735310988
1.70653523375294
2.10642076152761
2.38827500101719
1.85185075207052
1.9178938711571
1.72578789305071
1.78422497849078
1.61167428255326
1.73540932719595
2.63617992245625
1.51522105719198
3.0082663105657
1.5537457076175
1.57887213755114
3.24148856907022
3.03887427697866
4.11241370668692
1.57055076449311
3.08164365616793
2.20861561981796
2.62402190076932
1.51247519879959
2.47249660427099
4.65383671188087
1.74783671709849
1.62884257702382
1.52048363151748
2.78293615955041
3.23444853150512
3.01053065225658
3.0669382797811
4.69043582745358
3.07222414179906
3.55016906832324
3.91797024290779
2.19046430963047
4.61372496446929
2.36720323494207
2.48821197071911
1.59572559161506
1.65274767290432
2.56835556620128
2.00792246108033
4.60442058484371
1.81233536775783
2.03261416729065
1.53921205186325
4.60464322663598
