1.86847045954798
1.99156593846583
1.68069060531628
3.6799000362363
3.36350452122361
1.97568704285171
4.17465464799642
4.6709449107489
1.50019510239407
3.8057503558404
3.45497804620175
4.61307804190953
3.6157060964707
2.32822028436624
1.51643929222457
1.61764653407408
3.16057232950391
1.88203537001047
2.99027890908469
3.82305334148397
1.90567011772218
1.5140601265007
1.67045648236485
1.77191118927908
2.17785711781503
1.73982117227874
2.31043812432747
1.79189653451747
3.90373674062464
1.58946978882946
1.58240510010636
1.64049527893563
2.56811301287306
1.60982998657796
1.79753994830168
1.77076495210246
2.12864645648869
3.95324228839543
1.60063846820483
2.83383794896369
2.1948359233547
2.34803351076776
1.84274133085969
4.6187833976972
4.22074467622665
1.65718444623543
1.95357857823695
2.80821004213593
1.68817675702355
3.02994428654172
2.28321525384959
1.52340218792468
1.62898715171099
2.42995183058592
1.65048144270782
2.09258283495807
3.51796165027587
1.58419054113423
1.78489134836484
2.22499812905684
1.5577620228605
4.65199064729205
3.80697134953783
2.94194698821584
1.50743487199578
1.70231464552785
1.50208959779824
1.56994081482613
1.8326443642761
1.52513696043941
1.56275723927736
2.42644349051195
1.66425621917564
1.55173045180519
3.21207867585812
2.07738065700059
4.06396850783472
1.55587539369535
4.00724511771221
1.79785388532407
1.49972574272911
4.65930431167612
3.06666710153775
2.03949900877241
1.66685465550768
1.65816847463245
1.50386240391448
1.53277488403945
4.16885298018989
1.9914692769896
1.52661695635719
2.95087727523343
2.34608202119792
1.50094381507017
1.88476518918514
1.63893559492295
4.44537919533815
1.56491510970074
1.69519313389066
1.52039870073119
1.53831417271171
1.90356065436973
1.66336733180931
2.39777399599505
1.50129897311595
2.11181235522494
3.75300592695535
2.99551498390378
1.54523806571538
1.8645589436943
2.1791843203925
1.7891210952176
2.92858252199589
4.42747578364616
1.51032545142459
2.14124499649064
1.6801243478568
2.5985279249637
4.50064075850639
4.39264370771483
1.69788329948158
1.99971882852095
2.68898393167096
2.48005450042347
1.68944003135447
1.71292738990623
2.87108216520106
1.94597345091731
4.61091625051495
3.33281629681288
2.38379311736558
2.0122006671977
1.68355760317079
1.89316844209041
1.59308291048703
1.84235023867284
1.6930688689989
3.40605965274235
1.62123223230845
2.47846227749482
2.29874560033558
1.76767701060135
1.61363151677161
1.6031492066774
1.96209577052084
1.56950318140308
4.70376028368482
4.09470861516503
1.52727946920021
2.13243430011316
1.94041356618698
4.69685098282982
1.85690510636594
1.90696382883375
1.75634418022399
2.06173613008182
1.71887684424634
1.8397399276908
3.64977168229833
1.51319422906741
2.49942560611157
1.64840571223421
2.03037179627368
3.02254686723497
1.85932735212895
4.70817337194362
1.52989922884458
1.79601142546059
1.50306327778827
1.53218759014157
2.26273865274382
1.51786639253486
2.04021599786055
1.89856835970143
3.95220303170356
3.82084454051149
2.15016530994205
1.66821687897583
2.0636667608719
3.64087915862203
2.14281012175841
3.41714186088211
3.47259386245035
4.33801564278502
1.53148711845773
4.6531784983063
1.50778702193569
1.69479769524826
1.55496068644516
1.52281161780298
4.69992915765141
1.7313296502361
1.50553760688146
1.52687559100396
2.37155361080244
1.75549932570921
2.39702431938294
1.52895910494237
1.57096196932735
1.49907997051028
1.50252525083602
2.39167477602164
2.1935897882688
1.87768369676173
4.62418335764682
4.18651885435054
4.56156645945503
1.70569292189503
1.70234506248281
1.50080031139812
1.94883366021384
1.50547732125557
1.50589209200397
3.03883431376067
3.12728734486897
3.92556515506727
1.5915041003279
1.55138275040965
2.98730941546292
1.50681941453307
3.41305352252215
2.04101090531414
3.00478488300958
4.44000894505751
4.53477392552331
3.29177236199036
1.51475636531387
1.5760750724443
1.51482767617562
1.650463227355
2.60901009331462
1.57579293573788
1.58067778307193
3.40441309000601
2.46728820389676
2.66091378435612
1.6180030791143
2.83168169181149
2.83849841623853
2.97257512849164
1.53786593560728
1.56547539705658
2.18387924103022
2.64567497319177
4.37262603784866
3.78731283802208
1.71205451356483
2.60752649290986
4.67299907490228
1.49943796928792
3.66200374459959
4.30700741995614
1.74221615811
2.02971756484587
4.61511979932392
3.99581165249245
1.73182061930079
4.07308183662909
4.17098671172158
2.05610679964572
1.56217874156126
3.1488150422172
2.93907283006184
3.34167367773289
1.73735798022501
1.83229712970503
4.65137619011899
1.57148818494791
1.5777839111253
1.61692501225221
1.59480255312838
1.78321635783358
2.16037359219704
1.58116210149801
1.92736081985557
1.68146763104523
1.98878440065155
1.52879432384124
3.19128407411501
1.50702570527298
2.49434309299769
2.92253587386435
3.17501338074142
1.55694014156579
3.90465510273199
2.27266896692057
2.96638707010281
2.66997262399394
1.54726500573718
