4.33510279135977
2.56760643743646
1.61846396064593
1.61708032057074
1.50475320122488
4.39542713719887
2.1517473400692
2.30057920205173
2.45411056755944
1.55272464970917
2.72381744353411
1.91693703416034
1.50869226601964
1.8966051397734
3.61302581074652
1.52083033868338
2.16552150251321
1.59162058238464
2.15343671138652
1.50509370660239
4.59660082209449
4.69371873478829
4.64623242778412
1.69525536623302
1.54141746608822
1.55301537423625
2.5322366955411
1.49918308305666
3.26544390104171
1.59527066495945
4.67868978572155
1.88714881086149
2.09866617286092
1.86123539981272
1.5720088982207
3.8624659159593
4.66721211198019
1.50149818245298
1.98523377064767
3.84595181846983
2.07479212203989
3.73296664743636
1.67824942366104
2.77074244107837
3.75324666549937
3.31398901804921
3.27096736227425
4.33608255033577
2.33432558463124
4.21489175252705
2.90106320791379
1.49972886091534
1.62370140928623
4.70684151948503
2.89091079213929
1.56413184721527
4.17539385062651
2.22915300380951
2.03946868459687
1.49998795511985
2.04610811843374
2.28781126859765
1.60704921643458
2.32051372228
1.51621098948478
1.96418086428888
2.00894600080241
4.66347122618193
4.66486056949582
2.73918323841901
1.51737069417765
2.09401345044694
1.79651660050687
3.16069644592487
3.06293253879917
2.04520161010665
1.51082177334903
4.57171215683058
2.05977828717842
1.53297944521828
4.0974790842032
2.74277634057083
1.49979682195316
1.60152435766261
1.83645742114286
1.87369926760505
2.53994380277961
2.30562149771445
1.62608088491846
2.04547968340015
1.51885013786625
1.55383683061698
1.74896367041608
1.86624981821934
2.69619790589
1.61456925038797
1.59227464204102
3.00776359073549
1.55022245024667
1.50617553381503
1.49896282118716
1.54902590177732
4.15902988662711
2.48751835461164
2.15037497611051
1.50760904121595
2.62210495799059
1.59245602097049
3.49846959722788
3.59767294407704
1.65206252423143
2.02564534161634
1.53098938143786
1.96550727430865
4.46553733856361
1.80491782092193
3.06175812124367
1.96072176922459
4.50105565830452
1.8976780485816
2.8117010377494
3.55077871155112
1.65361549800825
1.62308616390928
2.74045353886613
1.78953819430527
1.52897892246224
2.98011413308871
3.35965170697748
2.18134318085983
2.01628008184828
4.70555779726519
1.82648341575128
4.66870932613273
4.13281385351042
1.62886263729581
3.49532304359667
1.72630248786986
1.89267065341143
3.22176036192066
4.44398337469238
1.56775437120929
1.57017163884672
2.15067326258888
2.77768543153513
4.69415274258278
1.64600636240817
1.58392087954417
1.57917206720663
1.77148518678794
4.17534454977871
2.76806235696567
1.5127838075464
1.50943503882497
1.78599552395163
1.81926487092709
4.1349178055649
1.66330367986734
2.45582976125644
2.36577674822456
4.55917622775253
1.68203128895949
2.43469006973552
3.04277206659006
4.69941447152736
3.28212012232045
2.3007520005362
4.70359997828727
2.24325086833805
1.55576869035806
2.97922632128176
2.13327656912833
4.40633022767353
1.55832391862455
1.56281460177055
1.71185433342285
1.73997106875892
1.9193595930309
3.1184042659462
2.46309881036371
2.06045585076451
1.6523121425932
2.07774471390013
4.51052910110656
1.71090383349926
1.84600897937984
1.92647985596263
3.8017116417408
2.26951508353595
2.52982578246043
1.50331200996154
2.55761618035344
1.73439348838097
1.83889055065422
1.54046433032066
4.57542439892054
1.59441788528819
1.97051420490366
1.76359273539676
1.87329188590125
2.31542683217632
4.56920151973921
3.33102583672089
1.56406913752257
3.39065085274975
1.57954381202005
1.56329533372699
4.29108473350284
2.30296832111279
1.85619392428662
1.5889144496657
4.70839835091402
1.82080115466677
4.68818057941376
2.09309746335363
1.93629080866086
3.12989189392355
3.85107168478219
2.1033643021826
1.55864145540293
1.49986587546095
1.50256054071981
4.29675384254082
1.60362750490267
2.56136323449489
1.95983917580305
1.51479720325112
1.73027627473401
2.07467365040383
4.49129091088324
2.4647746630573
1.55000751078492
3.13416666938913
2.12104475298243
4.62266794835451
2.09904323925606
1.94004593857489
2.36474481615988
1.54281776132527
1.71573278147657
2.18233312427541
1.67383014941875
1.74541360857547
1.53279948039691
4.55320276900695
2.01933968596923
1.54240102416332
1.84212977727879
1.89298312049655
2.08855752290705
2.2671414816015
4.50102986932581
3.14600136909081
3.64722577312225
2.90143535211232
1.51993611158357
2.56831138890056
1.53676229031161
2.28019508823421
1.67396781708938
1.50572856837037
1.50206662593721
2.61849274662364
1.80001155537482
1.59064709273207
3.0841200363317
3.11156767161437
1.51427080101354
1.50579713110329
2.50627174619272
1.52182051753789
1.81751251122292
1.59177835366623
1.96477204287223
1.53518748818999
1.51527704091238
2.06912443642756
1.7089467351156
4.47815688409693
1.53319425796649
1.5115139233398
2.03055220960302
4.6763380224682
2.37561969599908
2.48481627206496
1.58452585841084
1.97234552465483
1.95278619434947
3.41982292491463
