4.24070450909501
1.65532559634036
4.37517753220109
1.74023610750269
2.98404669003316
4.69160757513942
4.06114601425217
1.54300302686271
1.62593355212309
2.52669931104388
3.54260932163411
1.71359686530893
4.17546035947017
1.54455198892814
1.50292549390698
1.51601091995304
2.10719688571634
3.23341870217431
1.61447891520245
1.6264928399794
1.53712933660811
4.05299220322505
4.0455593872206
4.70242073708391
4.6920893997838
1.86940872403028
2.53943482370814
4.70305075650093
3.52946917398268
2.97051748388286
1.86058298255476
3.63589196344203
1.51174974587141
1.7672598399315
2.55638343690577
1.55120158342158
3.19858101153355
1.65339870831618
3.46028112724994
1.59293924713915
1.51653136485801
2.04094974220845
4.5669888552393
2.28461098797466
3.65925998047283
4.42032725267159
3.3321451235113
2.40001479851207
1.71359389451715
4.09058296563643
3.48042964252249
1.50163227073174
4.11601605699901
1.51507635479723
1.53978344499215
1.79558431233381
4.69325306426469
4.68056947499591
1.51221431145993
4.69669969390532
1.68452149351068
3.31200837898506
4.39734237796369
1.49963646223893
1.62104715899515
3.1888348578443
1.726048447307
1.50386740944301
2.05708790880321
4.47400784710709
2.70196483143565
1.94478442418351
1.78978239442843
2.6186860895166
4.53034536824424
1.5858588387489
3.03709117771816
4.03705865844984
1.53693298141901
2.83083201595973
1.57663302327604
1.82434867204736
4.19386833849906
1.55772276198471
1.83803462228771
2.73370605783278
2.14158385670716
1.54511746420361
1.72178528779953
1.57085622304502
1.54855251237346
1.50064946122455
1.50930941647309
4.59383407172678
2.05888531609498
1.50514025715238
2.006189299058
2.368081992337
1.57980860955389
3.2384972774497
2.36143239977381
2.54417439711616
2.06574742365121
3.39642876939198
2.23715735181164
1.5700661755478
1.51900648927028
3.27968560596566
4.31852666700349
1.79459430665814
1.50108978285943
2.32478009341356
1.51506205922306
4.62442238847736
1.49939994658825
2.10042971527846
1.50112394798254
1.57318616835765
2.04330238693138
2.121310698388
1.8092026103876
2.18329886013886
1.91895297356416
1.89717630979078
2.96916612590708
4.6725975343663
1.57437456395699
1.55712220321627
1.65001756363085
1.54495383014137
1.51343482846557
1.66162832025009
1.71404076717496
2.68188708781343
1.81608792262293
1.49983121673456
4.56988978009835
2.34080491758437
1.93391981519705
2.8853766547648
4.54055220154351
4.62009595786948
2.16900532759679
4.65415354830791
1.62864556801508
1.71777753969228
1.77842969591551
2.05669764028766
2.52338735526328
1.5970622484122
2.16401560341022
1.76067148640435
4.66083855449902
2.43343607341911
2.84073946775113
2.33330793763177
4.61235575946429
1.67039630041582
1.49904467013856
1.67320927703791
3.78150891354488
4.09906864881382
3.75336505191552
4.70616351449887
1.79908698194283
1.55144722156998
1.54672400448826
1.73367585881515
2.45136649648289
1.6057558669262
1.50552261177444
1.50416898001481
4.53656585001459
2.40651488215131
1.52929715839186
1.51111432946553
2.29843685436259
2.93810215738986
1.53385344080992
2.4077952140309
2.88091782650147
2.88518891837813
2.13549614066279
1.50504042582111
4.56640929589868
4.65884127598351
1.7007688885721
1.69339587443199
1.95630358089245
1.86211973479354
4.53080972445229
1.77392904335918
4.58276273371244
1.543151757681
2.37115739702068
1.49928193145021
3.00234214436379
2.06690640872765
4.706576177148
1.51274914682403
1.88216309389212
1.63795317744544
3.76418900999933
3.73083355209983
2.80154049369798
2.42107353565112
1.60347149291192
2.60847453171983
4.08174740914996
4.18652318263378
1.49976014206385
1.57063088311545
1.55937776651368
1.88140979290929
2.49028481514586
2.8563237128394
2.0003189158215
3.699780309231
2.13821931016891
2.25998761877771
4.55470393809049
1.65301437839641
4.70658053775026
4.58406322556605
1.52001161318315
2.10973884867581
2.91052526369854
3.91661241220382
1.7163087015322
4.39570757028104
1.95152983894616
4.23930075689
1.56525475170145
4.35543475777255
1.73472548087655
1.8368882130297
1.81994244298791
2.61426770892154
1.6397305486734
1.80369892822905
1.56820105098597
4.32916273437074
1.58157670840765
1.52108984222072
3.21690052170879
2.00247686821996
2.95470266094332
4.68542348555894
4.65826533575979
4.05241191147925
1.5022311161047
1.61317086850404
1.6465369185015
2.62367450154247
1.51117923714571
2.18717143433408
4.05652226219014
1.54343473287254
1.57819005124726
1.53680318991499
1.71722630935281
1.59611309272849
1.58412200312736
1.62813830017826
4.47928559707099
2.59161420166935
1.5427963045739
2.49202988997094
3.0683098612394
4.00317201524248
2.56916710375587
4.38359933615612
3.62813413331989
1.49952852999587
3.00659899846768
2.06699072124141
2.3944244760047
1.70449923436476
4.59881017576348
1.5567487557076
3.16139311451931
1.58070059484811
2.21311026488106
1.51856822289722
4.39499982776498
1.71398246024184
1.50573826745461
1.5032623376603
1.71049851827582
