2.35885826371067
2.60669774923546
4.67049521948983
2.84213676826408
4.41236671167159
2.59339926872636
3.2592023926637
2.7654961517943
1.90260805583552
2.28463962304663
4.688187851476
2.20847886119721
1.80647391712658
1.94223197816911
1.55445113185883
1.50756069718277
2.65597174118774
2.05202317617526
1.52323803822209
1.50071662172053
3.41057955379884
4.61368501843982
4.32466967039104
1.57650165989055
1.72403211997537
2.73243260160136
2.22781026695274
2.75128788124555
1.55750716090385
1.88896064216592
2.84002214179571
1.51564213750279
2.37327629339227
3.80737995686063
2.85824084631213
1.64535678703156
4.6099826418945
1.54218456470816
1.52336471257801
4.65750333436099
1.52741154513924
1.49908827831915
3.5694674372241
1.55583522644294
2.1605310414032
2.41169541169161
1.6559556307331
1.90787512784384
1.50162854911719
3.62511911321234
1.50839610115027
1.61916403999727
1.5178177771609
2.75168713086403
1.72321302938167
3.85945662128072
2.16253012120016
1.70670002605582
1.63118664165889
1.55104337556077
4.46572867764353
1.61090616943267
2.09577297041838
2.13893279108643
3.93824158057519
3.2820434684493
1.61316978536929
1.6530788037728
1.54340254510088
1.5747762228267
4.70664909747023
1.66225784499649
1.90461454574665
1.56412359185738
1.5977601688612
3.07318222312095
1.51859224515712
3.24061939551638
1.98686240127608
1.7667019418781
3.04518929489382
1.78870201952828
4.17580511230321
2.19956293643832
1.51585536693452
4.67861610626911
2.57172388832254
2.34454668780156
1.62703812475109
4.29079191186256
2.0507322605449
1.50962142227954
2.84676983665522
1.59697609414289
1.54220221234979
3.63464105301876
1.9038388052281
1.50134828627034
2.16679673381403
2.44579645690463
1.93131258721624
1.51857230520777
1.51667035911863
1.98495792613292
1.54862216198562
1.49931315715127
3.61191485772428
2.66011160784392
1.58303998350333
1.52409103499311
1.82171503368065
4.10567941234914
3.93253864509476
1.49950284190867
1.50246875158226
2.14707456355514
1.81763740162684
4.70751425544713
3.14609636670699
4.19099172265513
1.97254286255043
3.65028929911007
4.57649490826323
2.07196376508804
1.79100204695172
3.21664076358668
2.03602992170511
2.31990131934038
1.51547425188681
2.85063112260785
1.61890345140432
1.61844032718914
1.6294567820019
4.47045241846129
2.99408991774262
2.5572654706344
1.78681741091515
1.9801874474899
1.51807862138765
2.96681120715791
3.00368543251805
3.35398432084076
2.33297073124026
1.50303456320388
2.03137826192025
2.51768661691108
1.49948078605572
1.50985484035235
2.03532686397972
3.2170474880054
1.86662069058209
4.67909540764127
4.48159486007459
4.28585033506273
1.73341396875323
3.09210743573632
1.95441372202854
1.52499818572826
1.50206845410821
1.84092039772078
4.15263005993871
2.79836105815907
3.61691148978716
1.7822799693869
3.11398170951162
2.79831856022401
4.54327332975377
2.7777903406818
2.0915808873235
1.99427325998238
2.58198745537345
4.66058930750174
1.61344449303111
1.5004370257196
4.50638479212406
1.50807184031165
1.64967989261545
2.2054713063984
3.7589907230624
1.50017490277768
2.36670167986951
1.60571866374028
2.67981124370978
1.65981686496795
3.58156951318609
4.49313453918286
2.53866771784097
1.51963343900607
2.05747314357271
1.67916022976692
4.69285394874712
1.63711753618982
1.67097820251746
3.33083798712419
4.69761022946834
1.57545329243984
1.8920473860578
1.61862030166204
1.91487538176938
1.56358176967587
2.27388384840126
2.68242207300992
2.06817543762344
1.50319480882591
4.70168333960385
2.12882044353775
1.56004240067033
1.50263694911445
2.02509784578276
1.9373608992988
3.03893836157965
1.59485953091465
3.20677876420501
1.60774943764007
1.51769318259513
1.59165225163573
2.7341880317236
1.68582379437396
1.52905605032173
1.81112130897175
1.55494513127723
2.52077342592232
2.2747438488566
2.6945038540844
4.70620282285399
4.45203015781908
4.47557957253483
1.50105368068317
1.91839768710905
4.70859769550579
1.7248696688416
3.19783062596114
1.84025057267953
2.78038790627332
4.32428964928198
1.50592623214239
2.84867562269835
1.57048268360085
2.1682433027125
1.9668145862283
1.8869508211527
3.08035036948541
1.70668661351546
1.74534366766932
1.49936719789949
4.31021691579627
1.56603711295945
1.62460133372866
1.5083441404135
1.94834194559745
1.70536577071436
2.61930553361787
2.42375662481363
1.59989023807579
2.05558720541193
1.61651152237381
1.78042347903771
1.75630192680897
1.67916783315855
1.55336616796555
2.65632964734587
2.61480881964722
1.82990774293615
3.53076357311109
1.73999828119246
2.63961481880063
4.47223485731068
1.49899898583163
3.58335172747849
1.70197578082867
1.8397740105369
1.75563337137121
1.8117305974798
2.50193047043266
1.5012471759302
3.49141827069178
1.87445658404091
1.54837516553957
2.5828471593922
2.70946018514538
2.0648830337336
3.09638078609235
1.50302785613159
2.69170099688158
2.06963107134414
4.20832356578125
2.18518847675242
1.70789048980906
1.50985425729504
