1.64883726361966
1.79418590485607
1.57223411137725
1.60225081162818
4.37855710823246
2.43371727013752
1.5535475622988
3.55230435240927
1.66520849840402
1.50305825135793
2.48246625956451
3.1804744760409
2.89758329320379
4.18781839360948
4.22996104538711
1.51094340561745
3.66738348914263
1.50614394157721
2.03567116713171
3.58249988040633
1.75426493063752
1.87359857338936
3.46203356858989
4.22413000297149
1.54990877944414
1.51687632496821
1.54525527255108
1.53943957158518
2.49058734595645
1.50116996695478
1.93572159453007
2.42033938010153
3.29018421891703
2.10258648423049
1.54034225904364
1.63064325813221
3.20260316258261
1.87760024131919
3.13479314892317
4.70691467544547
4.69909284520619
1.99447558380266
3.00316693964768
4.32033034117951
1.53862312985648
1.86009517458717
1.57484594701184
4.47609009190785
4.28467510737683
3.58146534606893
1.54626979988805
3.61689909763881
1.53237338272819
1.50465954336007
1.71480827679802
1.93535186112715
1.5010944929011
1.88955515703433
1.84985016131124
4.27935084499067
3.61922290907913
2.39533520278797
1.86103104134489
1.63609115658847
1.60098800535083
1.95301170341015
3.53560832708866
2.71136302761087
2.76956523509773
2.08005716206169
1.67651264126341
1.97795250803529
1.97309407768428
1.73491186777363
3.82518608708138
3.05127565093129
4.25608803296579
1.58444684848354
1.6938916929886
1.62065036850822
4.57830154189355
3.8957273968989
1.66167528635004
1.51478959356759
4.70383022968652
1.59148411677563
4.46016098448501
1.83266631799049
1.50430359680131
3.17315025788671
2.43091808153448
1.51740306940536
1.60268109542195
1.52268124197466
1.63646285245277
4.35320187441175
3.02607074827309
3.55714901163279
4.62984941302031
2.26514932153325
2.27869546127399
1.97293805991416
1.50387314267167
1.89241485991568
1.77272395076548
1.51331486867362
2.0688905369559
1.84425608789249
1.49915233566291
2.02288883816199
1.51459491734442
4.673634696121
3.0618202789426
1.50008860592849
1.67764542993816
4.24467908740952
2.68105333064232
1.53894970540573
2.0356670840938
4.67666125683266
3.94984262279761
1.9629784362769
1.78403411732277
4.54755255920458
3.04716560038279
2.32336868767788
2.39952405873165
1.52959834692911
1.58106118085981
2.16041345186663
4.25562816604613
3.21190503475834
2.13841354798131
2.33670153886109
3.64288194854006
2.26027644749144
3.62513042803693
2.26836807058781
1.56642679087652
4.27731779302869
2.54058583491344
1.53770393579671
3.84911421281687
1.50917798131844
2.01537778508714
1.7299340677187
1.77811282744366
1.69204622250698
1.86797448582267
1.94737661263801
1.57709473538629
1.49917503126528
4.08700121569158
3.79531350660572
2.00248965559949
2.20726211549577
4.55572831719699
3.19198649612118
1.49918945480358
1.55633285372703
3.56616159099605
2.52032031023745
2.81352748935346
1.52806291343623
2.53924995620233
1.9052927121426
4.41687540022352
1.60077769090196
1.52139833536568
2.76105524317433
1.50322971345608
3.23597058988688
2.15750384977745
2.96962531577353
3.04049186467676
1.62086159807041
4.1698252406948
2.0862596372109
1.66977833950107
1.59315737497114
1.53446809536684
4.70025626949325
1.60634536290295
2.05675559474684
2.86575267527749
1.67972117974182
1.58044919963925
4.64512393559112
3.49250751312182
1.52412985638464
1.94964831452661
2.03407153284968
1.8527123753976
2.59601476816913
1.94749575891953
1.50450222859889
1.88831188719079
4.65548981734011
1.97379898262485
1.54747096926104
4.53494525026925
1.8074802572354
1.94844796732334
1.78269447287589
1.59918651913301
3.6795585394198
1.51042480747999
1.52095251979244
1.51119858012276
2.18798282000547
1.68220500133674
1.57418267674331
4.03121116760802
1.5008552638448
1.50855422758421
1.53466775567915
4.44872384657074
1.6406620380962
4.17935345810097
2.50417344280547
1.5293350550953
4.19184868865495
1.59830666694398
1.92692103354734
1.55117856161365
1.89144563982392
4.21828686046588
1.63169834560905
2.05868166513919
2.81192404261438
1.51571785319836
1.80759265077224
1.68012469713007
2.23783822920406
4.22371610133917
1.55839630808572
1.52462831900804
1.73651867895371
1.67398310042264
2.38897239332094
4.63390348134069
1.7841619249372
4.70074862929278
1.50316561455754
3.70548179135757
2.14544589752096
1.75304984084932
2.20994306613634
3.72425912755656
1.80516068933653
2.95759880707386
3.8620781621375
1.6049147039649
2.48296340666278
3.10134339735707
2.41128284435819
1.76962146721576
1.71200516839003
2.80964147748912
4.58884763350138
1.67536226180737
1.54705310047259
1.74229319620979
2.83142494522961
4.39438678437891
2.18338416016029
1.56162583672773
1.62599541807429
4.68823942258991
1.54934858068678
1.53199471621915
3.12517008425667
1.50854115472557
2.6314311144542
1.50157862662021
2.61700446692742
3.22981522248027
1.99328922886719
3.1304650088066
1.75337058732049
3.30560729475212
2.15491055035917
2.26994967013704
1.60640225134681
1.84096792153915
1.50750728699599
1.87603260899983
1.50729590351527
1.54504660092984
