1.60992027629683
2.25347776207051
1.58034728584249
1.53486351883109
1.53406133627999
1.64562315735551
3.74345616150548
4.40529446801989
1.49998429807583
2.14755980435151
3.63364241044108
1.90819114775299
4.19154749376186
4.70373738925908
2.62830434845313
1.77581749533317
2.75142177805054
3.45983385819148
3.0267655386486
2.54858373446576
1.890737090734
2.29759004213698
1.79170299604625
1.75568794633171
4.70872141486612
3.18722282919446
4.19085625446347
2.24225661889483
4.64385751119929
3.74613796893994
1.59413696535633
3.61801170136944
4.63735209404906
1.97860053524092
2.3093348347365
1.51029979435824
1.67918515324936
1.50760694044246
1.53455528537236
1.84042510144585
1.62604488625695
2.95042865719542
4.36225687436449
2.25150197324571
1.50637329038654
4.03385691146858
1.60333351058873
2.87429985348618
1.56675156295657
3.87398754341343
4.59773592778318
2.08176457380799
4.56026844458795
1.51131674114982
4.64512346817943
1.87044707054905
4.09861306622702
4.67871575086514
1.8201492788793
2.50324828100051
3.74448481943356
1.51517708209133
2.06803282314444
1.49930700737431
2.18818331686575
1.51579409785171
2.10943886506453
2.09624876510919
4.15393638731953
1.8823186781821
3.75203636162238
3.02633793771798
3.3300897087876
1.84443005652269
1.64511182853213
1.60542106810077
1.60506108333586
1.63140801677878
2.90546734630445
1.62097010253743
2.8326041578396
1.51560932898277
1.50657585005888
1.67688443646094
3.74664225076713
3.79578660727545
3.85418545421588
3.50790699856533
1.76809790087895
1.51115117288901
1.69444806490323
1.93602163599074
1.60298088048226
3.47518262306895
3.61249520832009
4.69723786063404
1.86585007682243
1.60588905594372
2.11214396359849
4.42830937054794
1.49924608239599
3.8514421995739
2.71817259654801
3.00386419621757
1.65372123401335
2.93680537127711
2.17761845132038
1.50372163974099
1.58299448353688
2.20722624507154
1.49934041956153
1.5698249890599
1.55260663016259
1.50265742681589
1.53585834489044
1.87298796511124
4.38206256229472
1.60545510177744
3.59179875134283
1.99611824376571
4.27038388952051
1.78890301042195
1.52200546210046
1.53303443554456
1.57075438351338
1.93722094658375
1.51801671166108
1.68663422164144
4.61553045245007
3.52818344074446
1.6183820861536
1.6495698509678
1.55042104881251
1.60811972266379
4.27758810104233
1.50852517414584
1.50068530942116
2.03800863559565
3.88624160742239
1.71954750966403
1.73430632399157
1.63484993490422
1.96302507870959
1.94942842583487
1.6146732946422
1.75726617929629
2.57378815934671
1.66307365343269
1.50269341710711
2.44990921576465
1.60710117571642
2.57889582888777
1.90564011175593
1.52614541000536
4.52169388246691
2.09814992664198
1.70820261515351
1.54887540698967
1.74831740427913
2.25698660588025
1.61726823295405
4.35038212225446
1.55433294681748
4.34287417155513
1.49913537616353
1.7312534875729
4.69919400473122
4.42228899456107
3.12200667256494
4.21459597348984
1.66096402184678
1.64264355752794
1.55337139275125
3.19818736308063
2.06639573328961
1.54054785643807
2.26591833489568
1.53766145641459
3.77962435362515
1.5453350543414
1.69993561185432
3.03560540382755
4.42516717234621
2.80859410095206
2.89827463598584
3.82307003404883
1.6289776939502
1.78283901878788
1.51823516699989
3.14183236067513
4.64234858170403
1.74683516930269
1.51284725563479
2.00420442612281
1.54280925773451
1.61979569579993
1.51996168347644
1.58428674019103
4.52631188712874
1.69252928450972
3.84950861935689
2.47149537434358
2.80099213584937
1.76205090162591
4.13184006506466
3.67482981742256
3.71050626445764
1.99515571053749
3.53640723705535
1.71569973116593
2.42147656086042
1.61241150892216
4.33490228892112
1.71544946832884
1.94490929955378
1.50154353308056
4.09329928088354
2.03045161510818
1.82477689351927
1.53565720078774
3.16661341063512
1.60193210607509
1.63762655197464
1.62182579260326
1.9829201750046
4.67778562374314
2.16806157201262
1.591895248819
2.28332697358412
1.6219024160356
3.98488467942502
4.19084635372161
1.86875614852952
2.93133921736825
3.18673610555004
1.78690682324867
1.77458124193818
1.60496195325114
1.86412265348655
1.5883592626058
4.69302958790858
1.51984895268462
4.33100817728899
2.11598450554926
3.80098269791441
4.25283593551246
2.42729605213891
1.51300068333654
4.42891921964919
1.55429868204426
3.485124171392
1.50187051786449
2.18437816231167
2.06724717261759
1.75275914973113
1.92538491827528
1.55786214768502
1.5009350164131
2.2050921878307
1.78899676379111
1.56598363632093
2.944962626695
3.2580556326655
3.49587037275739
4.32858922106995
4.05770102593411
1.51827067241825
1.69177867301517
2.72760247237993
1.65897520338432
1.65218267304411
1.53660308391391
4.2395099229987
3.07341676528099
2.20189210047822
1.5563121115559
1.99990425435293
1.50336352941691
4.51497389431091
1.50989505892589
1.73468535709336
1.64043377233541
2.07150316112887
4.07541720227002
1.52713771558667
1.50023335544366
1.52519946549787
1.50289092285538
3.51859903062504
