2.97381305830332
1.68737641797797
1.5325833048921
2.5393071024343
1.59956500475747
3.14668687918691
1.50942025838514
1.93156125895659
4.70756076226681
1.8593254774481
1.55200448363391
2.96448495613297
4.45324430450986
4.70581417242491
1.56457012941109
1.69325793464485
4.63731464589025
1.78097661395126
1.62955537056613
2.7344272953192
1.55860470107046
1.74681403676556
1.92021133203051
1.99055936434864
1.65132096170519
1.49929365310691
2.17071274071329
4.4410169206521
1.49923464710822
2.26757521413911
2.00561013257563
1.97371630263015
2.58394181476097
1.70705278743623
3.96136581360589
1.79685887296374
1.50104511539232
2.49293281153355
3.19962064234074
4.60961356612541
1.61484619373751
1.72882939664246
3.60650830592337
3.91295022143506
3.63646743417442
2.60044062829696
1.55183849558256
3.52126073894587
2.75784308873243
2.9418840196019
1.49942410284683
1.58213406118913
2.4899890468967
3.20261183623312
1.61303339232865
1.81921414562533
1.89076696410247
3.8357985562667
2.47519452365434
1.50224263285488
1.53979891016481
1.49899036789849
2.14585039009561
2.95107190280897
2.30321464119732
2.3163731448518
2.10839326438927
1.64817875878012
2.01595081205224
2.60456400917048
2.90091097168176
3.42231216070615
1.86712950441779
1.51523355458627
1.50054590334798
1.52294816805784
1.62020959232869
1.98261835995405
3.06973320704762
4.46042518859964
3.88421459839055
1.62583820717386
3.91622618141623
1.59132628943678
1.50528449910731
2.12714504809527
1.5805287014004
1.88336473229624
3.30931512864177
4.19460542247987
1.63494306435841
1.6215603869039
1.57530748074817
1.53889619456848
2.08338128907967
1.59027204508472
1.52916472022883
4.55326347873879
1.5866585816278
4.66398409697609
1.96095048511406
1.50747925709063
4.14947715475383
4.70691147113703
4.12925090556251
4.39964486841252
1.53996233762715
2.49685123446567
4.54960727142273
1.50832071493995
1.60500859052282
4.57592739408543
1.69697743310229
1.51583883128802
4.16912524883186
3.29471752278963
1.71933995958542
3.07959535389276
4.39385896091839
2.96443934490595
1.50333912648456
1.58561786374074
2.15897771143258
1.65610405012364
2.78133571433162
4.5405341328693
1.55284969937338
1.99837036058608
1.49919396286057
2.42048843791156
1.74046409116114
1.51667806011171
2.75053609971272
4.33136917754634
2.07477877794469
4.49230740887529
1.62971495874299
1.75641730798891
1.78528147835045
2.42974689455236
4.70807258998872
4.68264306800245
4.13461438245247
2.90472252109406
2.31083202530291
2.03122883288302
1.76768270769441
1.50746554073051
2.4378288291784
1.49907283750943
1.76202693189751
1.55804012624747
1.51376513843771
1.5093481651453
2.73294277791203
1.63492342034912
1.65658012489861
1.77686289796158
3.74404172935241
4.59728216404321
2.82807033372091
2.21981449945352
1.56436350847
1.51605779839712
1.6637204561748
1.49899385329785
1.83330379383614
3.74532787616448
2.20293145128254
4.51585233254351
2.65964990403232
4.06253610061236
1.60558849262183
2.52401568471305
3.06334541253406
4.5614795762448
1.97271204803795
1.52952265756793
1.79087031260806
1.58179775533794
1.57382972472263
1.5138077816811
1.80866585544505
1.69838440538444
1.90232926112217
2.72153906154309
3.91157857561705
1.67236142395743
1.93030954284179
1.53789784726921
2.17831648337174
2.65971678149225
4.56462923392339
1.59708661346889
1.50688158681417
2.52117486624842
4.53391325530642
1.56570240649969
1.54579507592112
4.31671680938738
3.82522869202394
3.05972166520346
2.79143952890183
3.78550041588976
4.21867884319276
4.69905649895022
1.50088774285971
1.52697090355181
1.5583056688763
3.01674910663608
2.55947876129452
1.51157729581932
1.80273003281414
3.75818935578905
2.63899671866584
1.50339657891923
3.17015908973615
3.41977188334713
1.69035457523511
4.63465437978124
1.53342777579434
2.5268835207066
1.54584844320289
4.70532139451058
2.30217057990156
1.58120805517316
2.19370373620206
2.01151021945718
1.50596612915982
3.39547933250944
1.53586440937899
3.98152209105114
4.47877689985245
3.08630206911536
1.54206291650662
2.01382794583096
4.5523079085035
1.53293142794293
2.85846803706881
3.16055798151982
1.67024240960601
1.92867439940031
1.60099363921263
1.54971854619642
3.25507113620583
2.16327437999419
1.49943274949069
1.68349461186897
1.50431448358597
1.70566753567733
4.64719506035135
2.87859491129497
3.02680731573247
3.03003199713557
2.71037600801122
1.50446181249683
1.53374559561031
1.62350088698009
3.86937217812358
1.88412841493255
1.6555752616516
1.57234240657965
1.55532292356477
3.78734874542276
1.52672819768687
1.52648655177348
1.61025363572305
1.7250923152791
1.9450305101348
3.78363378696496
1.52909106793043
4.62829496548569
1.52986641592929
2.64776079049363
1.59319878009076
1.95033836602659
4.21217416451317
1.50776970585033
3.37275116667062
1.78168747885876
1.80371092973564
3.40923713421472
1.54833788924549
2.04967229985869
2.22176147545832
1.70605992989186
2.35541667791948
2.84836049231723
3.61382116055963
