1.747161212075
4.65068452962098
4.50352690033256
3.23875561531264
3.18777422362096
1.7755498790471
4.18642817732182
4.68415401937203
2.13121474028167
3.64788859787068
1.70087074020919
1.98751505377887
1.64889515278439
1.65974504787126
3.14519321598679
4.22054629644273
4.3788642926998
1.63672459920637
3.28697630902012
1.64767520470152
1.75046804687493
3.57317184105362
4.70287959807334
1.51124441804576
3.87307461076073
1.63264576424801
3.35440156903362
1.5204349495541
1.75993253137571
2.48418665981863
1.78769304982253
1.50950851531193
3.78968221579093
1.60398909325765
1.5362857130531
1.51902807284174
2.1337448297389
3.36682117360334
4.50080144624644
2.81050500382522
3.89008557913656
1.52094508497911
3.61776829569577
2.88825234545951
2.51982137147555
1.64476976690641
1.77394518960375
1.50686909381022
4.41463300940046
1.51742885043871
2.36820806198566
1.50476548112143
1.50748262483659
1.67481080554197
3.50379731950745
3.03778764580259
4.54500193794531
3.8588402333727
1.52268226364275
2.19699351646207
4.27991997897745
1.77039061138053
4.41559447182547
1.51382384121261
1.80485362682736
4.54044419255537
3.08609034369134
1.52388614252639
3.17170388105274
1.57866234069973
2.06048551434982
1.97844226247676
3.44269789525072
2.41026430148546
3.7118784218735
1.63170331511453
1.75340265478727
1.64475661434046
3.81882942378896
1.59010340338846
1.63052000659277
2.73232194880208
1.77270962457848
2.35388446147107
3.2795986186366
1.55160315071628
2.13210371262126
3.87150416039606
2.39827604051756
1.75934930925284
1.78900928142578
1.58135947539316
4.61066654814092
1.78326987190781
2.39925441879834
1.6041780349044
1.50512178196726
1.84816375722901
1.97447776523325
4.6116811813765
3.05456098094169
3.39556551079205
1.51682133756158
1.62828651532268
3.2258958718981
1.73806201562755
1.67690818477593
1.50008080340194
1.97310354767827
2.02408927686605
2.50099061885172
1.82162340868707
4.66941861906071
2.40032995286336
2.31647960997253
1.8039043999008
2.07719609180446
2.84282831900548
2.76635433309102
4.70278441205283
1.55980839631476
3.17255300528624
3.01550909398671
1.60711267179819
1.63182768427072
1.51092647378046
1.59328517539228
1.89063853512902
2.28763257246962
3.96286392874165
1.50091305761863
2.45369232975564
1.77472658883234
1.62199890844557
1.54929998673597
3.3354309412919
1.93786921898911
4.51649084264109
1.81006862879368
2.48688247507948
4.29750626366577
1.80171188474255
1.75744031701501
1.5296477747069
4.530192602663
2.27264486003628
1.5666982779774
2.10429597987571
1.49976847388036
1.90325857930068
1.559926393249
2.47539667180124
1.51171563430261
1.79016497710929
1.60638292975652
1.8844827987119
1.54142060640276
1.55818548206418
1.58785700964516
4.66533451699576
1.5738151250856
1.49948680829011
3.87984203602087
2.20106231500972
1.84934161888018
2.16711968652142
2.41636364555626
2.05435402752695
1.50542854413229
2.7492739625266
1.6011188616018
1.50914179711576
2.13859830147794
1.49896484864303
3.07493329853773
4.4238112067974
1.56874101932511
2.67582299953351
4.17523155209035
1.57385245559988
3.25618676619755
3.21143549066305
2.35221319277855
1.6867304741685
1.54312827051158
2.40917637763322
1.52716717768758
1.54099046459361
3.24449467101481
1.60041619994994
4.20466795266831
1.50961110868581
3.18977649607196
1.74371537598332
1.6422997756604
1.51308493426509
2.30712221947491
1.70485100160763
1.8474156304671
1.52766954998752
1.49930536937655
3.02529959474259
4.68777246281454
1.78725564296781
1.85139507143727
1.528422987639
1.93587412844152
1.69184808277534
2.18829529116807
1.50285483217546
3.20245668630924
4.41482771502357
1.51247721515106
3.54832059942711
1.63681579377214
3.20171754676532
1.65878686362618
2.3403152016976
2.13251281178391
2.97663417778528
1.7055707046309
1.62797968569898
2.31470628012091
2.19827768570412
4.7085771111807
1.90290252967424
2.27835864231527
4.70875781778764
3.22247262153882
3.11612907568019
4.6390053449418
3.38303650307634
3.30931569907226
4.20993655575304
2.89970470121426
2.47747452511709
1.51784121180057
2.74880363523958
2.22179279369669
2.26169115092311
1.57413376220953
1.63573087492531
1.86385923710241
3.68241356321454
3.21083217898504
1.50533682802874
2.46666036382761
2.75467372387267
1.98443651043623
2.06461298420721
4.00281853509853
3.55613749828164
4.70420015514904
3.53016308774192
3.68061951131761
2.38833218947652
1.70733511044157
3.94132185432674
3.09414105165667
1.51979495394694
3.89331619411366
1.5936581869091
2.50247386952333
2.8619322802292
4.2127226819138
2.08003697791387
1.68388813345458
2.57647196617819
1.67053804829805
2.28263463688186
1.91699431167569
1.76832709490579
2.43671669301551
1.84604216670167
1.88985470007563
1.67270917748475
3.73748865115538
3.26585092449953
3.65675425684954
1.76358927372871
1.60868442334752
1.64762298271736
1.50195521420739
4.0395582942459
3.23437881021546
1.51541454556547
1.90363262862988
2.11283243164191
1.56598928860678
