2.61978250873691
4.08329191784476
1.98266294991968
4.16824744591776
1.57486374764125
2.52736583759062
4.21085992616737
1.50277992539038
3.25708082877728
1.51620997353355
1.50751268273303
1.50126862304444
1.6327739290768
1.61469028911457
3.93745214193209
2.91805660884812
4.70264844713213
3.23152333026446
4.14850117243805
4.63204088262032
2.02649372312281
2.35101864201788
1.83139403934723
3.95008818244936
1.50216376739989
1.90270279312037
1.61431073604809
2.44765933368988
3.83675762184374
1.61551384984215
1.65774152466946
1.86990427756912
1.64499197999864
2.39878216958245
2.51842093903895
1.78889816472548
1.56222799291468
3.31488915830586
4.09107525449561
2.27655091492265
3.8256501294818
1.96911122881043
1.54177283410038
1.60320208231556
3.49021810982678
1.76221191085967
4.45419634629874
2.10578069832497
1.50801207565271
1.7739824881314
4.64706520643916
2.75813128359076
2.09923149533188
2.36678852420344
1.53859609725888
1.74060245241395
2.49855234073037
1.51527422798122
1.53131401996495
1.50059613696428
1.59164583742645
2.49784530436284
1.49964925415048
3.37989913025835
1.58833086996021
4.1179232397153
2.885733872353
1.50086989967711
2.17839326537054
1.60046140755064
4.06945498004701
1.5269127456201
1.59654311555665
4.30381715785977
1.8510174894156
1.69478055115771
2.33757539751527
1.61800240220451
1.89171120262126
1.50163124727974
1.55611338975869
4.65272661971935
4.32302988989786
2.40563462119668
2.80311434690862
1.50191666420149
1.52034984600538
1.55073212846204
3.43960011042954
1.6795832109709
2.71135356420372
1.93051803200501
1.54596012085491
1.50903251842109
1.58245778855291
2.11979712340925
1.83154959065078
2.11795509484199
2.49054979142931
1.53658822480263
3.05583734176832
1.51053876535718
2.6777497781535
4.68475913496945
4.66122740116167
2.16010178941885
2.52570092888876
3.81865656397284
1.81250879821678
1.6094328652863
2.4665594998052
1.55863301826685
1.65880356707389
1.64918594461133
2.24952354014916
4.29615901527417
1.52434157143639
2.20591436508042
2.42065832474222
1.84225758188165
1.58811740904984
1.85218371506293
2.66014927334393
1.52352853615113
1.50152519013622
1.72277696913407
1.72171889311642
2.46720503045045
3.22342486893386
1.50729980883913
1.61703497506026
3.62131588936959
1.52842251775637
2.21971345479779
1.50345866982215
1.61623266403926
2.26112291846529
1.91353839524352
1.6784669515159
1.92713168447466
1.72238923623094
2.28220905054113
4.36901112587784
3.23749931764471
1.53807672457002
1.68136770115665
1.7948059862814
4.40903253240044
4.21349264819245
3.16482836034285
1.64697045280241
4.31549681160233
2.15724401957515
1.82767463766786
3.50068744853234
1.81608143110198
1.66830782033172
1.50131098649167
3.43902576362206
1.54306596416498
1.96807085856893
1.51350543417128
1.52288146876553
1.5047725297548
2.07658102214892
1.49917066910601
2.52709140177286
2.95693964039316
1.80188976078424
1.60052763899579
3.78003575986744
1.80111489062963
1.50471931940162
1.68227214380461
2.27346459117384
1.70459023241474
2.2016289571238
3.64416956758091
2.3764899340826
2.52419092751171
1.84639198834442
4.1189108318311
2.7477011268905
1.68963908032492
3.86925126331386
1.60340898643366
2.4618768008487
2.90031026679598
4.08839144689109
4.66297158653953
1.54341697828766
1.71213732961613
2.84988863169237
2.30293717043286
2.42157555338605
1.53453512927285
2.11394523214516
3.57846225347854
1.97544560674703
4.65588182187425
4.70001408174047
4.63056543633986
2.32818262987671
3.94233222985017
1.53632300674803
4.25979067906398
2.08994917996855
3.01758921610368
1.71912127584963
1.61256279340704
1.74663472452482
1.79035916087697
3.97186061327658
2.0596127709312
3.50014593489586
1.52245639566823
2.73634703670051
1.6184009032188
1.91636798877754
1.49957435271298
2.30298111755602
1.57572148838855
1.52342907765409
2.5466621751095
1.75429638583547
1.4993489232124
4.49828851854108
1.60059657844533
1.5662120318802
1.94342812346102
3.26662453901324
1.78806757491011
3.33216499248399
1.6425338558745
3.77469055702736
1.78383888167888
1.59284200615238
1.67454945756947
2.47091071881216
2.95714726556925
1.76541506376435
1.53993626005623
4.20076464617729
4.48398344027953
2.74423602348308
2.52703370290337
2.57706801235915
2.37938480764449
2.16001639765808
1.61639316484354
2.33095029723619
2.71049883193349
2.73711635538895
1.93182227384041
4.70767308964455
3.04746526608607
1.52603646938963
1.93398166423303
4.36781771371717
3.22667243874526
1.60576303564769
1.59015708185938
2.38393785260611
1.75281943425406
1.57411431626944
1.61276025579364
1.70700609333617
2.33800084102429
1.81356517202665
1.53195932759354
1.50760126305092
1.69462441409328
1.82879205195594
1.59699389535287
3.58042513843898
1.52947759356117
1.50366351124438
1.75306363056438
1.99361234328128
1.56454794726001
1.68871698874122
2.18233889210431
1.82615041881604
1.53471673233003
4.70222185080992
4.3971021691045
3.26477420716755
2.2026988967729
1.54224342623921
