1.5164996883429
2.23679591556856
1.58165085590831
2.4688249598978
2.17918131645729
1.69424468034507
3.17731006165117
1.53094797917536
3.34581674108223
2.38910464944038
1.49943639500947
1.89865150527669
1.49906612576644
1.50781018541355
2.0266464896075
1.51291166038644
1.69310346008631
1.52629676601079
1.76455602086656
2.37454532066592
1.56184513981341
1.53507953911109
2.00663515495042
1.69746367099517
1.86187008197398
2.09380922455661
2.21207812969385
4.19002324198243
1.72320148006473
1.61372991857987
4.70395983604481
3.9896181909504
1.52489171834117
4.55665400976466
2.21663385280524
1.75429666738027
2.00269512546092
4.63980841542253
1.54676911805185
1.52328919201981
3.48057038836421
1.59025014254545
1.63327102974497
3.36883305725633
3.8717947639758
2.88021124781746
2.32519813393447
1.90295630274778
1.7721820627555
1.50224576483877
3.49895105558568
4.45091951417706
2.39413974089205
4.19800363247022
4.68725897951748
1.54589828577895
1.94443069456071
1.73541914396047
1.50935169397242
1.93666210146476
2.12257121733155
1.65634923655403
1.57082629956014
1.69313444003429
1.52976018027105
4.64931191443863
1.54896786041099
1.49938286431463
4.66839579278658
1.62317260510808
2.60851443818639
1.71914081423276
2.68751415617641
1.53184863897219
2.47942968740392
1.84687812915312
2.42540465726516
2.38004454643945
1.61800251478811
2.63948372473024
2.65747670048506
4.67946780496786
1.80178107622109
1.82995107043504
1.52081824226206
1.63593710666671
4.08927718065246
1.73176343206971
3.39998539296212
2.15649861379967
1.93289746540847
2.36380542623548
2.34745318530315
4.1713212811104
3.01166211402378
1.49909635823674
2.31265817077509
2.61502983189279
1.5318572386478
1.51402165334323
2.29580593688222
1.59031797408971
2.43488746731105
2.35077077312897
1.51757104051227
4.70877008663551
4.32728958975994
1.5222655607251
1.61087583630434
1.83059624990131
3.68014152232595
1.49939895668624
2.22093588019728
4.02363660210321
1.83002256870126
3.59059461074574
1.6236605673127
2.12868354498293
4.51499902615388
1.88820207564962
1.51349522491174
4.65435977216437
1.56182190737602
4.50305644921698
1.81386087676928
1.53782888049887
2.15096291528768
1.56033548661733
4.69578852583107
2.21212624007543
2.17682468410937
1.60341343172737
1.94193122216939
1.52998604442979
1.57796053818245
1.54594690975966
2.12852789726514
1.8632793627049
1.50184109754457
1.51375061433436
2.22036264523869
2.26611066408263
2.05736496654119
4.59561541086545
2.02269100841085
1.57560904294946
2.09703945951507
1.59326527727218
3.37521315152257
1.51971738209671
1.68896638895169
4.40921466465321
2.16142836447517
1.5271842640953
2.42778214909834
4.61000649192816
1.92296533408608
1.49920026638962
3.51040330575996
1.53540784750895
2.77926880783497
1.7536992227183
2.14858757763648
1.95328655713838
1.52375850718676
1.50507850305898
2.58883795694792
1.50008293979936
1.53538382708763
1.49984798471398
1.98454307393288
3.03142926522395
1.87659749700891
1.54931945310458
2.74112905005373
1.64123432976733
2.7312745098178
1.57186793915598
2.15008290534139
1.78085136401543
2.76719431450919
3.38245362844997
1.5073464190552
2.72741476827923
1.51081841265739
2.64721087866354
1.51010428404092
2.66405682093804
1.49900199107179
4.68459770633598
4.11999154838906
3.31585436410448
1.50228401070925
1.68610324274725
3.05901404937106
1.50005340709434
2.55330045642898
2.38962033173033
3.2317850999415
2.45810208924424
1.61172624650352
1.88769671238536
1.49901356838231
4.47524062502582
1.58585534613673
4.53107400000228
2.7236283949759
4.44564222838858
4.19831139307811
2.67320789990653
4.59138917380314
1.75664464443996
1.56910306180601
4.34219327298059
1.6508588486085
3.19002870243162
4.70398213177098
3.72017528248033
1.51911794076384
2.65281385603829
1.60260019937523
1.67253666319261
2.64721786762798
1.53185395217576
4.70755349982229
1.51042936146172
1.56141381767187
1.50299981575614
1.69530594905685
1.74604282013603
2.07326821178519
2.12656770211671
4.11196768111072
4.05592368294714
1.99128985603195
3.58549151668748
2.47179228840572
4.12028255586657
1.92031141068271
2.62494557618609
1.76305933880088
3.88925489260067
1.73122134632218
3.47809282885177
1.58959914408702
2.08706863273708
1.50022690604087
2.75929213341403
2.6685664526395
2.2235466202643
3.59473740214765
1.49933972592977
1.53972948782051
1.67386062358691
2.00436662214972
2.8754950260468
3.93198770016681
3.62891094832226
2.19643349742702
1.99228987395996
1.5716567884596
4.69778319552609
1.53073964100563
4.70869682579609
4.50541988431329
2.62104288237489
1.79457222783203
3.63768625874498
2.04055720374165
1.49897230596017
1.54900721758078
2.11137064195871
2.50407008771678
2.7050982174668
3.52165922564374
2.8783080504043
1.56933663411718
4.70256606042991
4.51123640645035
1.55118988500013
2.53083763861098
4.0985134669454
1.54231377326801
3.63174837052524
4.43912281792989
1.55349904526925
1.59533872047798
2.15423993851518
2.20854620258187
