2.48593184514671
1.88738433638544
2.4714921394626
2.41158797328635
4.56095503859857
2.22190307260167
1.59739759629766
3.31518159113901
2.00640941834744
3.71954032788322
3.07699400976361
3.22818371847517
1.60075975046653
1.59926198616495
3.00345053293728
1.59138991637518
1.5230634009744
1.78405114577599
1.95838903076841
1.56400526977357
1.58125734062532
1.57875082134347
3.70975709493331
3.04802981102769
2.55826335574641
2.76134594027722
2.06404600849926
1.49896556677587
1.6354350663796
1.89218165112305
1.90659639431426
2.26567916450517
1.98890019105839
1.54141260813373
1.85335572592161
1.5065985155213
1.56780099092328
1.63719636985372
1.5152287203011
1.5757151384224
1.55658157290861
2.26465368507549
1.83279725095266
1.8287849696621
1.65408549365701
2.63245893494091
3.24702610830072
2.3181163898979
1.5065936984408
4.61043372965959
2.72091582347302
2.33401002909084
2.17439600272861
3.21091185678153
3.15791407374979
1.49914556137827
1.53380260599599
1.66928733248149
3.25635216640661
1.67131462788209
2.12561880088815
2.6226886439788
4.67375175816299
2.41478636541755
2.01521557311602
1.60085374432248
1.91725556540147
4.64378483814237
2.13021739307701
1.5089473761311
1.5546449318792
4.29930013586667
1.55266948126241
3.50125111061753
1.77128171915234
1.69102288317853
1.50892079973616
4.35066172489858
3.63102071307311
3.05978242304666
1.69400006004453
4.60096126810248
1.75953803854357
1.59062838638572
2.78040853888826
2.31846869226287
4.24446929250255
4.70103639973107
1.70048629372646
1.58442885164686
1.49974210418276
4.6292077417345
2.17171807657471
1.56671683825422
1.49919811486087
1.63252670252591
1.58366157720836
1.85323519506223
2.71544049149101
1.51082980706582
2.77587513098049
2.39045055215136
4.65335938689324
1.5618987520793
1.60495236804407
1.64545250833091
1.73984919290261
1.97026882460881
4.34839537331717
2.20418677995529
3.38347248680608
2.94763594500185
4.47125824736661
1.63867572466507
2.47591686275385
1.53932123125975
2.15340482327772
1.7652826143507
2.31192359313516
2.61983566403603
1.57450694367451
1.71060337730457
1.96917702929653
1.73075232665675
3.37423067289325
1.98759038670225
2.93235351964729
4.18406942793806
3.37007994390168
3.72806683097035
1.63411008323013
1.51349787784856
3.36343687296096
2.07148634434543
3.858182953996
4.70876771963142
1.62644057148897
1.59496135647339
1.574419937958
1.94010000901988
1.85240914229602
1.63088477375441
2.31484784633543
1.50202153952334
4.36001233509048
1.49896229104833
1.6085114061326
2.7302066989541
2.62482023137825
1.57619753647648
1.53816917916729
3.28722266621739
1.92377439338976
2.78309418759411
3.62510956561195
2.03032033065107
1.74579311142066
4.62255663132697
3.40537732076475
1.87167402936086
3.85447357065779
1.54648767794862
2.63730261836197
1.56646911921927
2.61649011923497
1.67349334349602
1.61546803808411
1.51196319679599
1.64240894414577
1.49896883915178
1.91935046795143
4.44906932866696
3.04205461543097
2.80926263439089
1.50500338992917
2.16390750263435
1.73871769576477
3.9273832783176
2.43410920255792
2.32163332856864
4.38960260663893
1.98515557582348
1.77708927354741
1.82222200530284
2.99113566728179
1.77737077187451
4.30487948769792
2.10497026684264
1.64830995611004
1.51488196779213
3.77786182991255
2.03144640048575
1.60045821800907
2.63273560813632
4.70876667395084
1.82818820063254
2.69302669830927
3.94413376631513
1.50210269530731
4.4618100616967
2.70361825913978
1.51076825944432
1.50225841076995
4.42017762390622
1.56677035962165
1.50007043451856
3.17984841573898
1.99041169400255
1.80100033375744
1.86514152827802
2.26410501395186
1.49896337150869
1.76264044707983
1.60506276828528
1.53514725894349
2.34494475352703
1.53266426842147
2.84998463546301
2.28416833247478
2.22031635347457
1.57532834489524
3.62010374825505
1.60290686237901
2.63234065838085
2.93217456017367
4.50959875209948
1.77031571547676
2.38905057108054
3.7782363120172
1.94720537570819
1.64908643013998
1.4990084465842
1.87148628348239
1.50063722739337
1.58537403922004
2.33632225943413
2.42494215549968
4.46942947005695
1.49940572853243
2.58127420955796
1.90413100429268
3.34519132681478
3.93917591107434
4.47158254174367
1.55880566566445
1.54860750641437
3.24216688072125
1.56771274169811
3.90724054001628
3.15313479690629
2.57747736811313
4.49644272627387
1.61370283375316
2.71603126805133
1.50505947327726
1.49988547993496
1.53586981496546
1.5046796475765
3.86103164721539
1.61124825655413
2.0969983917912
1.59461170647403
1.70491826005151
1.69073003916976
3.64026833074216
3.98365744503049
2.21130322075271
2.10181903972598
1.5325696066456
2.17423656327922
4.64514284327654
2.37213878934143
3.1775684222615
2.94109885035572
1.54422308433476
2.12190389723788
4.70655608208579
1.54310641729525
2.22795143373386
3.36360162311304
2.53667488330189
3.44753245057507
1.72682752172487
1.85766168990991
1.71474022328344
1.53071113585966
1.84863870984615
2.59176679697304
1.6498512097455
