2.13258247002114
3.47061990324658
1.49961989988911
1.8079043895782
2.17975293063908
1.9280934375822
3.28426348458977
1.68993451440583
1.83617189793251
1.57852640541393
1.60273410563544
1.74640947513683
2.08197113384074
3.50253179594776
2.36033756925568
1.55675237202636
2.72223608703481
1.50850669429183
1.82604977452949
2.07010545847846
1.58486895557105
1.52285294778539
1.67061589738743
1.99013641374856
1.5247819310327
1.63869386114209
2.84196186448884
3.29196999085582
1.64405164368182
1.531163726522
2.07012869550027
4.59054004298189
1.80681854379588
2.77210473281421
2.13010146988304
2.01781440748026
1.49931190762385
2.26838074208938
1.59221258137409
1.57130586447393
2.27463127884233
1.71530682936698
1.59861264020747
3.47262180849825
2.12197772505141
1.49918965319486
1.52502962866221
1.53009759025564
1.50955507247995
1.80848243495051
3.42723071045487
1.73151563034235
1.75564291514392
1.54694535741444
4.24166173702756
2.19814594263043
1.50316952885433
2.80463404775587
1.62227603927383
1.51789531112649
1.65510620379595
2.1554146043581
1.52679108185534
1.50423929234546
2.04849683962809
1.61517414024663
1.62564061097619
2.37619977852526
2.74651462226406
4.42130098205228
1.4996861857321
3.41587528015706
4.24801635721314
1.744928682891
1.69341599464866
1.60501812233618
2.48951113902117
2.81313491177743
1.80642122381057
1.88481575472807
1.65494816254753
1.55098473269835
4.61449965224595
1.56074326510437
2.65738590964412
1.78442124330454
1.63056633186128
1.49952131416736
1.52716697956046
1.54803127225453
1.76783355163543
1.50769516266309
3.6786521659131
2.5212937961188
1.6346040899973
1.50803728228326
1.967575124073
4.54995248278078
2.33440833289674
1.64182701788763
1.67378151767832
4.60531346401041
2.17001786419531
1.99289359895926
1.66214538396829
2.12902433106066
1.82280790795054
2.53746252529677
2.1026632818
2.9626275905289
1.50085610098957
1.5103616505812
1.50022418513287
3.49539296522348
2.11897615671162
4.20168005301213
4.12888998460013
1.50023118926122
1.79254906875003
4.57513243825102
1.7933186363693
2.34885241116793
2.32514850984133
2.36578650822573
1.49949863691264
2.34614990259804
2.81043449304068
1.61702268477249
3.52133966240245
2.12307782826087
3.04866587711665
3.81429070485452
3.2872783001672
2.11789349587835
1.81931420506584
2.31294834854839
2.25391382677484
4.4832441306213
1.6067010945231
3.91058373867456
1.62237115640924
1.63869862171694
1.51656284243495
1.53377549384384
4.50907678355081
1.50256430903106
1.58916468294316
2.80661951763556
2.04954428884738
2.55811069326691
1.50668014913925
1.73210443607684
1.58035009206446
2.18280820174273
2.42344578555589
2.6182005900015
4.69372863528343
4.5915969100715
1.8075294565474
2.52685811320767
2.14979409304952
2.21422159315071
1.57566367846638
4.70873489446716
1.53542444643869
3.15839690515996
1.75778176192841
1.67474241589422
2.28183233577396
1.5416850724324
2.65710822414459
1.65691623472332
3.1564180184685
2.9201415848923
2.53624664797476
1.55438188943625
4.01876432775889
2.78891168268713
1.49948507797334
1.54988100859207
1.56170928619007
4.58897095745016
1.69416078020642
4.5397195790692
1.6754269845031
2.82220502847271
3.04923614801684
2.05801905815814
2.81451420034096
1.50239566719577
4.1932228504004
1.51704186050926
1.54653609495921
1.75106024619862
4.63973243757967
4.29159466568824
1.61361882642348
1.50679369793899
1.76926826743113
3.62999452998469
4.68063049814578
1.64377142905883
1.75842588417211
1.91877269955478
2.26496497851367
2.71660448495458
1.7133327912254
1.63738657932494
1.58469217787004
1.97590703251516
1.57820138231105
2.41297719825584
1.9559891746601
1.59237909326811
1.58788426587695
1.54974054724373
1.9050559364257
1.84039296986538
1.96416602284045
1.49897195934007
4.62160997134563
1.51198449015275
1.50819148014424
1.93296019058875
4.667261677066
4.61867088983157
1.49896775628543
1.62173875363253
1.52231913427825
1.5788337554902
2.27082810864599
4.27656173962101
3.80693753080695
2.31350161252591
1.58966406278119
1.89599138411188
1.66779415093128
1.54179240570873
2.88679907717458
1.9878815396727
1.49994905665668
1.71296141499902
1.59740430448636
1.77148460760618
1.91674534919039
2.19438626271278
1.68336895814908
1.59694069284944
1.52011562186143
1.61938703587242
1.82045897935296
4.64238806518709
3.49152097244432
4.48855580843906
2.70380621283424
2.55190095303769
1.61715432669455
3.24555226584992
1.62377557053447
1.53854228394314
1.53260259390113
3.69805509388831
2.08552767072022
1.8305814063412
1.49973959290511
2.80743941486625
1.50687101579828
1.86975365704244
2.65105226724685
3.94668493736467
1.82150784023723
1.67577063407345
1.91403768983735
2.22973442965539
2.42164596849429
2.36425337588391
4.44954354465979
4.65028361858432
1.70173093621747
1.80932567145975
1.74275500460666
2.52022799795039
1.97862882922582
3.44546907691817
2.80220087248317
4.53587277390518
2.39788495631702
3.73152769669706
2.43677028073495
