1.63573693714815
1.63573693714815
1.63573693714815
1.63573693714815
1.63573693714815
1.63573693714815
1.63573693714815
1.63573693714815
1.63573693714815
1.63573693714815
1.63573693714815
1.63573693714815
1.63573693714815
1.63573693714815
1.63573693714815
1.63573693714815
1.63573693714815
1.63573693714815
1.63573693714815
1.63573693714815
1.63573693714815
1.63573693714815
1.63573693714815
1.63573693714815
1.63573693714815
1.63573693714815
1.63573693714815
1.63573693714815
1.63573693714815
1.63573693714815
1.63573693714815
1.63573693714815
1.63573693714815
1.63573693714815
1.63573693714815
1.63573693714815
1.63573693714815
1.63573693714815
1.63573693714815
1.63573693714815
1.63573693714815
1.63573693714815
1.63573693714815
1.63573693714815
1.63573693714815
1.63573693714815
1.63573693714815
1.63573693714815
1.63573693714815
1.63573693714815
1.63573693714815
1.63573693714815
1.63573693714815
1.63573693714815
1.63573693714815
1.63573693714815
1.63573693714815
1.63573693714815
1.63573693714815
1.63573693714815
1.63573693714815
1.63573693714815
1.63573693714815
1.63573693714815
1.63573693714815
1.63573693714815
1.63573693714815
1.63573693714815
1.63573693714815
1.63573693714815
1.63573693714815
1.63573693714815
4.62277111918567
3.18372003334456
1.89211959176541
2.44214283863184
3.245676723785
2.25923817695694
1.53757379899934
1.54857720255631
2.45437491798685
1.6206621579957
1.50453459774572
4.58327572432294
1.55531088727336
2.05044480912866
2.95129954571647
1.59668272423257
2.62344534231378
2.32382370982553
2.15290266203356
4.66254500923156
1.61148628562634
2.90123252204682
2.39892437107522
1.52918132891123
2.38467352217882
1.8512788246505
3.27510255973918
1.66107194857774
1.67346758774683
4.65745086304749
3.15553278227196
1.53796104286804
2.98713097243609
1.51581718961184
1.51276887332059
2.41685251395165
4.70554486967717
2.05128912856847
1.70082404644303
1.78412667066062
2.19387185995757
3.87815552841938
3.70380905315897
1.67510493311774
1.55854875160724
2.80663606204164
1.90812703239229
1.8290751085078
1.5127987119799
1.74699879174305
1.61525857740417
1.82479870915607
2.85104124795057
1.61650653787442
1.50973129971
1.63947123629686
4.16980549548218
1.86690609945213
2.1760038468805
1.90365597448233
1.50022522544813
2.12993082368734
2.72463336075942
4.61716952573447
1.51259110558776
1.52196937770662
1.54877639675128
2.72377893036842
1.66177333684658
1.68090432838767
1.94552376875355
2.24262167087554
1.83711846397484
2.49298251891521
3.17595404746489
2.64558784861732
1.50061473755794
1.54818308698108
4.23526219874863
4.56364188886118
2.01899469577582
4.6599694027182
1.78033230841299
1.60198816679036
3.30978565435017
1.52559014368771
2.76940848644419
1.51827875285038
1.95356042873316
1.5110465257841
3.70643576261978
1.52125470330129
1.68642171635356
2.02091916458699
1.76468932756611
1.54658596882213
2.73453808754244
2.75036077323989
1.96139241995187
3.47888677807634
1.50841206395288
3.69464067163405
1.98149790529102
1.80731739089535
1.52462169136214
1.53655794345659
1.80339605846159
1.60792068895752
2.9531217052481
1.49928532214073
3.90294457056707
3.45118664734048
2.74972630082616
2.48993396553726
1.80105509022325
1.54348547778709
1.60247432898735
4.4774481491013
3.13390395181596
2.20714233849892
1.64053536964857
1.55470065965183
2.38449186987513
1.52033794281098
1.58006779097137
4.29839871349169
1.95313290827162
2.1815731936479
1.71151148063141
1.6755393603013
1.49967376099256
1.5213509287986
1.54345872659972
1.91846178191417
1.70970183194392
1.5161881402953
1.78960866784954
1.52220370691124
2.90061636560963
2.62626273108237
3.57002600729694
2.14159813164043
2.39605110198073
1.6044748595874
1.50999369215946
1.51675671417951
3.10639247827518
1.6066762593775
1.50719997667726
4.47650868236506
1.77726335644104
2.08788502784361
1.5112489237299
1.81635139618131
1.98952149277378
1.59766433486767
1.51631154021441
2.47133272092353
1.58906078280504
3.55597740855923
3.64922675757197
2.73635801982209
3.96879097595949
2.03628500356477
3.45365076149593
4.53053331031745
2.46197481100341
1.50772871707503
2.21940558578176
1.6683962951353
2.68972629201082
4.69904226132267
2.25170584389527
2.25345189574755
1.54625783648346
1.88345001119094
1.88819984250867
3.740521691723
1.9029240806672
2.00048959666095
3.82551196780063
2.27136953794018
4.68882818345641
1.62513321316411
1.49973639889259
3.33609803352171
2.68551218893609
1.57471217025566
1.50172093144989
2.37836284045299
3.56331739509509
3.91983452733597
1.50416101797763
4.52997829794657
1.50063529683501
1.53307653546294
4.56322381450246
1.54935732298574
4.59310888112106
3.77135900999368
3.02959713611921
1.75209991401304
2.59673579498107
1.61088765846938
1.56366605955482
1.49928236734792
1.79981081744424
2.61378055290266
1.49922676074577
1.96035111490721
1.78594766636135
1.72578873355679
1.69397695696339
2.37487484873374
1.60358599208878
1.64462002426449
1.57732960800711
