2.22701792172437
4.40297019272377
1.90056069605337
1.52115098740363
1.51085111035031
3.47574096681884
1.74425342669769
1.49916558418601
2.93983323382926
4.52284216351864
1.86231115626222
3.29216102046628
3.42674158132588
2.46729372030087
1.58709929595521
4.51037909182848
2.48523205389005
1.84908085774217
1.51629296111264
2.07300777924881
1.62585498240484
4.63093440579162
1.79012716234808
4.56199593264594
2.54187441291917
1.64753810041234
1.95179029998264
2.55874740704786
1.77146321474159
1.57160966538056
2.88628607892107
1.58157231792968
2.62581161053432
4.64244422916296
1.60969564817252
1.53896586263697
2.46909493428884
2.48838908598586
2.9634859791696
2.51067443249479
1.55502747220006
2.38700103786275
1.55227415090709
4.10885985896721
4.67868023023441
3.82882957010816
2.04483245364817
1.5207427619943
1.67559633152884
3.54167066215211
2.05384967190377
2.0798332436062
1.54264605050776
2.88785017865142
2.21845873760712
1.54384233826639
1.4992359198176
2.76575524847678
3.81439765148617
3.76396316888811
1.82263910674961
2.32223555121582
4.69128263633124
1.55658066909253
1.52293892104568
3.9327574681034
4.59376224713979
2.95205708007105
2.56701522949408
1.52235144764422
1.65276316910693
3.81214195427483
1.50015454166581
1.61083540804347
3.39150903470963
1.65917733387423
4.54177870683816
2.25419820035577
2.60510717201258
2.60905709021178
1.5042187441113
1.6885314646692
4.57391990255611
2.282659050018
3.44381931832075
1.57837116132376
2.43820193259241
3.68818784041685
3.92292335889679
4.31286194554784
2.95424966688659
3.17830833201896
4.20200098300726
4.66435857701211
1.62632183824069
1.49954864500434
2.27905060484468
1.78855293771493
1.65106889957802
3.25109977196369
1.56215585450469
1.58472191568274
1.83321026636874
1.50910803624373
1.50301906956765
1.59184418743543
2.83088686853369
1.53764020166457
1.88056615280126
1.90763726787379
1.82835353184412
4.31771365331827
1.57777954992471
1.87857772333583
4.70622684343595
1.86905740391864
1.52360739826989
2.36778090279287
4.22877017747759
3.3074805575162
1.49911045997701
1.5619367355615
4.68206005552803
1.52500754376914
1.72623320648616
1.56701541543192
1.87399929359792
4.36424953659388
4.50666149515531
3.65637774497889
1.72019874182393
1.76682830790516
1.49896350858068
1.83973685656112
1.58436544905375
4.45503761646511
2.65274502851583
1.58163081622961
4.69509319793335
4.67167866635731
1.82588830366758
1.50665187470316
1.53274428333416
1.76693210251315
4.53164773139848
2.49223578934906
3.09912391180866
2.79970969032388
2.80061135559198
1.59873000284578
3.52295905596713
1.5180226657369
4.68716707569974
1.92546755971311
4.64766080933883
4.35882663637882
2.33646946237426
2.00728397411408
4.70471242873446
1.93896796940267
3.44550003356621
2.03951670105324
1.74589901364942
1.56432399636384
1.55949098831771
1.51069066696677
1.50805661267385
1.66508396130554
1.59265055441904
3.31075684665113
4.47906649078209
1.64126955135204
1.71374518875648
2.00888403529842
1.54026979357426
1.50573686662932
1.65207952508033
2.50639423555833
1.98412699161606
4.4661776126145
1.63337498551266
2.79094312203504
1.61641201785006
3.58922283729985
1.50292002103701
3.12785171749916
4.0297464581787
4.5521619264612
1.51948529035182
1.80917191997928
1.75334107925085
2.05127973820746
2.34277189560125
1.71549236508661
1.49966568413018
4.14083880245452
1.52419731926309
4.0364120959871
1.57283087373384
3.80704380440251
2.77882577454153
1.60841916606346
3.47192355768256
1.52358775603978
2.27849161599188
1.50742467652765
4.54107665634505
1.59356934271257
1.60846747002059
1.62105002009716
2.81678204245647
1.99062048948901
4.55051412960484
1.53126762686003
1.75283112310145
1.50342595203064
1.79347513308077
4.0873623697391
4.69987269931694
1.57024633157968
1.49896368182908
1.54059676068021
3.60476968776955
2.15473017958337
1.50731673996722
1.86246935947308
1.51534984030607
1.55266647374344
2.00772699358572
1.58538487227482
3.33654965232277
1.67744854934921
3.37255430002423
1.74632676234223
2.81715525336206
3.37702527702672
4.43584527705721
4.4542749746019
1.74456314926265
1.86657853281341
1.79654555137175
1.86229035532167
2.6047843352829
3.91081813204008
2.02107553055761
4.6894666728791
1.58869986569447
1.50307420885591
1.50775849004699
1.49900426437626
1.5152334022486
1.56252114176683
1.71234300833208
2.62162053993015
2.50060355139238
2.70873236359428
4.641318827841
2.32184945633219
1.50212730522121
1.54669691611118
2.17721204157533
3.98429258097222
2.079577670918
3.68861836590894
3.31736749185725
3.50291042922131
2.49151403935638
1.63818614154864
4.70849702338578
2.38647011985785
1.62686376257962
3.84826093901136
1.99493204696602
1.90580003508828
1.75916812593988
1.50527094880301
1.57736608611253
2.09658001347413
3.09442859196334
4.698972082832
1.52605111080415
1.53171293975252
2.02050865213054
2.76877207363755
1.57563437725867
2.13238022466521
3.69297720830075
1.82785831396293
3.01412570257258
